0 43
1 30
2 42
3 49
4 52
5 39
6 11
7 20
8 0
9 26
10 1
11 46
12 4
13 45
14 36
15 15
16 64
17 68
18 10
19 25
20 47
21 56
22 79
23 70
24 50
25 61
26 48
27 24
28 55
29 83
30 99
31 18
32 37
33 35
34 29
35 66
36 64
37 69
38 98
39 72
40 62
41 59
42 34
43 59
44 9
45 30
46 56
47 23
48 47
49 82
50 63
51 4
52 38
53 48
54 10
55 92
56 49
57 1
58 45
59 32
60 96
61 18
62 5
63 39
64 32
65 80
66 65
67 3
68 3
69 3
70 29
71 83
72 9
73 72
74 15
75 8
76 72
77 47
78 1
79 88
80 11
81 26
82 64
83 76
84 42
85 39
86 66
87 35
88 55
89 61
90 11
91 75
92 19
93 40
94 39
95 69
96 39
97 55
98 66
99 53
100 53
101 19
102 77
103 89
104 86
105 87
106 64
107 60
108 90
109 35
110 86
111 34
112 1
113 98
114 23
115 52
116 84
117 95
118 90
119 69
120 31
121 2
122 84
123 67
124 48
125 56
126 13
127 88
128 22
129 32
130 9
131 7
132 88
133 43
134 58
135 75
136 32
137 9
138 12
139 0
140 48
141 27
142 80
143 94
144 33
145 82
146 58
147 93
148 49
149 56
150 87
151 3
152 7
153 56
154 58
155 15
156 17
157 61
158 17
159 9
160 39
161 23
162 24
163 14
164 21
165 52
166 82
167 16
168 38
169 54
170 88
171 47
172 72
173 95
174 58
175 16
176 52
177 21
178 91
179 86
180 46
181 37
182 82
183 44
184 53
185 59
186 82
187 63
188 41
189 0
190 76
191 93
192 19
193 77
194 5
195 75
196 81
197 83
198 9
199 44
200 25
201 89
202 45
203 5
204 16
205 30
206 67
207 80
208 20
209 20
210 69
211 47
212 98
213 59
214 96
215 76
216 67
217 3
218 95
219 45
220 13
221 56
222 34
223 81
224 60
225 89
226 45
227 58
228 10
229 80
230 43
231 47
232 47
233 7
234 96
235 34
236 66
237 34
238 23
239 57
240 27
241 73
242 21
243 55
244 53
245 5
246 46
247 68
248 93
249 27
250 76
251 69
252 21
253 59
254 61
255 64
256 50
257 39
258 96
259 36
260 97
261 59
262 49
263 83
264 21
265 17
266 85
267 46
268 72
269 49
270 36
271 78
272 20
273 14
274 23
275 98
276 24
277 98
278 77
279 6
280 58
281 20
282 34
283 32
284 93
285 21
286 89
287 65
288 13
289 60
290 63
291 57
292 21
293 2
294 89
295 28
296 80
297 70
298 82
299 28
300 8
301 99
302 50
303 37
304 71
305 97
306 7
307 55
308 50
309 8
310 10
311 46
312 46
313 53
314 3
315 49
316 66
317 1
318 71
319 53
320 88
321 24
322 8
323 34
324 29
325 73
326 87
327 42
328 54
329 99
330 96
331 89
332 50
333 70
334 20
335 12
336 58
337 90
338 77
339 0
340 88
341 79
342 21
343 98
344 84
345 41
346 80
347 15
348 84
349 86
350 63
351 82
352 21
353 57
354 91
355 56
356 40
357 61
358 23
359 62
360 71
361 96
362 26
363 32
364 86
365 7
366 6
367 23
368 75
369 11
370 64
371 26
372 23
373 85
374 45
375 34
376 59
377 24
378 78
379 88
380 14
381 6
382 32
383 53
384 89
385 77
386 30
387 36
388 66
389 46
390 43
391 23
392 89
393 1
394 18
395 48
396 50
397 34
398 91
399 0
400 71
401 72
402 95
403 3
404 11
405 13
406 3
407 15
408 63
409 72
410 6
411 1
412 91
413 70
414 91
415 99
416 48
417 61
418 91
419 71
420 68
421 94
422 4
423 4
424 48
425 24
426 69
427 44
428 72
429 6
430 35
431 83
432 3
433 60
434 0
435 55
436 35
437 60
438 50
439 49
440 54
441 24
442 74
443 95
444 90
445 22
446 61
447 3
448 9
449 32
450 94
451 35
452 29
453 71
454 33
455 90
456 50
457 93
458 39
459 85
460 68
461 82
462 36
463 53
464 31
465 37
466 28
467 60
468 0
469 72
470 60
471 76
472 54
473 40
474 28
475 77
476 18
477 33
478 46
479 29
480 29
481 73
482 56
483 94
484 53
485 88
486 22
487 72
488 63
489 24
490 94
491 66
492 43
493 22
494 36
495 78
496 20
497 68
498 2
499 82
500 44
501 91
502 23
503 69
504 59
505 88
506 99
507 6
508 37
509 10
510 52
511 91
512 41
513 68
514 50
515 49
516 95
517 66
518 42
519 66
520 49
521 14
522 78
523 14
524 25
525 13
526 35
527 87
528 78
529 72
530 91
531 23
532 76
533 42
534 72
535 67
536 85
537 50
538 88
539 4
540 3
541 32
542 12
543 36
544 95
545 64
546 90
547 96
548 9
549 31
550 80
551 49
552 19
553 61
554 1
555 3
556 18
557 15
558 41
559 73
560 20
561 95
562 9
563 0
564 40
565 29
566 41
567 35
568 34
569 53
570 72
571 88
572 41
573 8
574 51
575 58
576 38
577 60
578 47
579 26
580 26
581 27
582 7
583 40
584 12
585 14
586 61
587 7
588 90
589 36
590 40
591 18
592 46
593 20
594 41
595 52
596 2
597 75
598 37
599 38
600 82
601 33
602 31
603 29
604 38
605 70
606 66
607 37
608 5
609 25
610 81
611 30
612 54
613 64
614 66
615 82
616 99
617 39
618 86
619 67
620 76
621 31
622 92
623 38
624 57
625 85
626 90
627 63
628 67
629 67
630 43
631 54
632 1
633 11
634 5
635 39
636 61
637 76
638 34
639 99
640 44
641 33
642 9
643 48
644 0
645 81
646 90
647 70
648 10
649 15
650 1
651 94
652 13
653 23
654 53
655 66
656 88
657 41
658 54
659 18
660 13
661 42
662 48
663 5
664 96
665 5
666 78
667 79
668 5
669 53
670 52
671 6
672 68
673 28
674 84
675 33
676 29
677 39
678 38
679 89
680 92
681 57
682 22
683 82
684 95
685 55
686 20
687 48
688 69
689 23
690 25
691 82
692 57
693 92
694 0
695 8
696 73
697 63
698 79
699 95
700 57
701 52
702 86
703 68
704 21
705 15
706 14
707 36
708 34
709 40
710 62
711 85
712 83
713 59
714 74
715 66
716 54
717 61
718 4
719 66
720 9
721 59
722 8
723 2
724 42
725 89
726 78
727 61
728 31
729 18
730 14
731 74
732 99
733 39
734 63
735 79
736 79
737 72
738 96
739 31
740 36
741 67
742 96
743 59
744 23
745 65
746 33
747 84
748 71
749 65
750 24
751 91
752 8
753 87
754 80
755 35
756 51
757 44
758 0
759 48
760 78
761 73
762 22
763 31
764 17
765 4
766 76
767 80
768 75
769 90
770 74
771 48
772 15
773 53
774 74
775 87
776 74
777 65
778 97
779 80
780 4
781 7
782 30
783 58
784 92
785 17
786 55
787 2
788 46
789 85
790 49
791 71
792 73
793 9
794 56
795 20
796 57
797 97
798 19
799 51
800 42
801 39
802 34
803 43
804 57
805 74
806 66
807 60
808 82
809 15
810 75
811 26
812 51
813 87
814 48
815 67
816 71
817 0
818 89
819 65
820 32
821 62
822 23
823 5
824 91
825 18
826 88
827 64
828 86
829 87
830 43
831 16
832 90
833 52
834 9
835 86
836 29
837 61
838 43
839 56
840 50
841 80
842 8
843 63
844 23
845 41
846 51
847 4
848 27
849 33
850 3
851 33
852 42
853 78
854 17
855 79
856 18
857 60
858 38
859 20
860 91
861 53
862 42
863 87
864 99
865 46
866 18
867 80
868 86
869 51
870 72
871 36
872 49
873 11
874 12
875 81
876 60
877 42
878 57
879 96
880 23
881 85
882 29
883 87
884 53
885 43
886 19
887 86
888 62
889 46
890 33
891 58
892 95
893 90
894 63
895 22
896 48
897 56
898 29
899 98
900 88
901 47
902 23
903 55
904 37
905 32
906 43
907 11
908 58
909 18
910 49
911 81
912 37
913 48
914 91
915 35
916 26
917 51
918 46
919 11
920 99
921 47
922 85
923 74
924 6
925 49
926 36
927 18
928 57
929 1
930 43
931 52
932 58
933 13
934 18
935 15
936 25
937 67
938 95
939 47
940 29
941 5
942 21
943 14
944 26
945 16
946 98
947 89
948 64
949 91
950 88
951 86
952 40
953 24
954 96
955 24
956 85
957 94
958 37
959 18
960 64
961 73
962 8
963 81
964 56
965 92
966 88
967 27
968 44
969 83
970 14
971 95
972 80
973 20
974 49
975 87
976 8
977 83
978 72
979 70
980 6
981 70
982 90
983 76
984 17
985 92
986 93
987 82
988 39
989 92
990 66
991 52
992 20
993 52
994 58
995 69
996 78
997 46
998 68
999 10
1000 58
1001 59
1002 43
1003 45
1004 23
1005 57
1006 88
1007 83
1008 72
1009 74
1010 95
1011 34
1012 38
1013 73
1014 54
1015 81
1016 6
1017 95
1018 77
1019 26
1020 42
1021 23
1022 63
1023 97
1024 13
1025 43
1026 68
1027 84
1028 82
1029 26
1030 8
1031 5
1032 90
1033 84
1034 88
1035 65
1036 7
1037 13
1038 93
1039 48
1040 16
1041 92
1042 85
1043 28
1044 31
1045 40
1046 67
1047 72
1048 65
1049 21
1050 9
1051 47
1052 80
1053 12
1054 35
1055 67
1056 14
1057 43
1058 48
1059 45
1060 43
1061 63
1062 18
1063 23
1064 74
1065 76
1066 15
1067 27
1068 71
1069 36
1070 64
1071 91
1072 5
1073 98
1074 96
1075 66
1076 4
1077 71
1078 50
1079 41
1080 0
1081 29
1082 12
1083 83
1084 20
1085 97
1086 19
1087 27
1088 53
1089 28
1090 52
1091 12
1092 24
1093 84
1094 27
1095 10
1096 37
1097 27
1098 64
1099 50
1100 32
1101 97
1102 19
1103 14
1104 57
1105 11
1106 39
1107 33
1108 14
1109 56
1110 40
1111 88
1112 59
1113 12
1114 5
1115 79
1116 3
1117 9
1118 62
1119 24
1120 14
1121 67
1122 11
1123 2
1124 78
1125 57
1126 79
1127 46
1128 2
1129 75
1130 94
1131 76
1132 89
1133 91
1134 89
1135 55
1136 53
1137 37
1138 36
1139 13
1140 70
1141 32
1142 89
1143 24
1144 46
1145 76
1146 55
1147 72
1148 68
1149 87
1150 35
1151 58
1152 60
1153 63
1154 3
1155 29
1156 78
1157 57
1158 43
1159 57
1160 15
1161 97
1162 51
1163 64
1164 54
1165 59
1166 41
1167 68
1168 73
1169 17
1170 88
1171 41
1172 68
1173 60
1174 94
1175 6
1176 66
1177 51
1178 59
1179 98
1180 94
1181 11
1182 60
1183 63
1184 77
1185 17
1186 32
1187 71
1188 60
1189 55
1190 54
1191 66
1192 3
1193 32
1194 62
1195 14
1196 14
1197 37
1198 20
1199 23
1200 55
1201 6
1202 81
1203 86
1204 57
1205 29
1206 47
1207 87
1208 85
1209 21
1210 51
1211 31
1212 66
1213 66
1214 76
1215 24
1216 51
1217 14
1218 44
1219 60
1220 7
1221 42
1222 82
1223 57
1224 50
1225 26
1226 49
1227 9
1228 6
1229 29
1230 26
1231 29
1232 82
1233 76
1234 7
1235 47
1236 27
1237 90
1238 14
1239 5
1240 30
1241 85
1242 31
1243 37
1244 77
1245 24
1246 16
1247 12
1248 64
1249 42
1250 65
1251 97
1252 45
1253 67
1254 16
1255 69
1256 0
1257 99
1258 78
1259 96
1260 30
1261 6
1262 4
1263 83
1264 90
1265 39
1266 13
1267 87
1268 20
1269 5
1270 37
1271 83
1272 99
1273 36
1274 21
1275 63
1276 42
1277 62
1278 19
1279 45
1280 15
1281 27
1282 57
1283 94
1284 70
1285 4
1286 82
1287 20
1288 91
1289 47
1290 22
1291 76
1292 78
1293 29
1294 72
1295 49
1296 4
1297 1
1298 76
1299 84
1300 75
1301 35
1302 63
1303 64
1304 5
1305 72
1306 45
1307 44
1308 45
1309 88
1310 65
1311 82
1312 73
1313 98
1314 10
1315 40
1316 99
1317 46
1318 84
1319 42
1320 4
1321 55
1322 58
1323 25
1324 93
1325 99
1326 60
1327 56
1328 1
1329 39
1330 2
1331 9
1332 82
1333 34
1334 94
1335 68
1336 41
1337 31
1338 35
1339 38
1340 9
1341 13
1342 31
1343 30
1344 41
1345 79
1346 55
1347 90
1348 47
1349 20
1350 67
1351 59
1352 43
1353 47
1354 82
1355 48
1356 52
1357 29
1358 86
1359 24
1360 90
1361 0
1362 53
1363 31
1364 79
1365 88
1366 63
1367 68
1368 75
1369 41
1370 62
1371 86
1372 88
1373 28
1374 75
1375 81
1376 64
1377 1
1378 94
1379 81
1380 26
1381 33
1382 6
1383 75
1384 42
1385 56
1386 52
1387 44
1388 67
1389 44
1390 52
1391 11
1392 29
1393 33
1394 89
1395 42
1396 60
1397 67
1398 43
1399 2
1400 63
1401 12
1402 91
1403 97
1404 89
1405 20
1406 45
1407 80
1408 44
1409 39
1410 68
1411 75
1412 70
1413 36
1414 25
1415 93
1416 89
1417 17
1418 61
1419 7
1420 25
1421 1
1422 64
1423 92
1424 53
1425 34
1426 53
1427 13
1428 14
1429 1
1430 67
1431 4
1432 91
1433 37
1434 62
1435 54
1436 18
1437 7
1438 16
1439 8
1440 90
1441 82
1442 43
1443 23
1444 92
1445 18
1446 32
1447 64
1448 86
1449 93
1450 22
1451 46
1452 41
1453 43
1454 75
1455 58
1456 38
1457 27
1458 61
1459 73
1460 91
1461 91
1462 87
1463 55
1464 43
1465 30
1466 95
1467 54
1468 44
1469 98
1470 43
1471 95
1472 94
1473 15
1474 17
1475 54
1476 50
1477 22
1478 88
1479 50
1480 23
1481 12
1482 94
1483 33
1484 41
1485 69
1486 64
1487 38
1488 89
1489 65
1490 30
1491 6
1492 89
1493 34
1494 44
1495 71
1496 93
1497 80
1498 21
1499 63
1500 0
1501 80
1502 47
1503 59
1504 23
1505 39
1506 64
1507 94
1508 58
1509 88
1510 95
1511 19
1512 83
1513 44
1514 20
1515 75
1516 68
1517 32
1518 25
1519 55
1520 44
1521 56
1522 29
1523 90
1524 65
1525 79
1526 79
1527 6
1528 17
1529 36
1530 37
1531 2
1532 99
1533 30
1534 27
1535 70
1536 46
1537 7
1538 91
1539 6
1540 5
1541 21
1542 11
1543 67
1544 74
1545 94
1546 97
1547 10
1548 16
1549 64
1550 92
1551 96
1552 14
1553 14
1554 50
1555 38
1556 78
1557 10
1558 52
1559 82
1560 40
1561 14
1562 87
1563 57
1564 79
1565 49
1566 89
1567 32
1568 81
1569 89
1570 25
1571 53
1572 8
1573 82
1574 89
1575 60
1576 79
1577 24
1578 67
1579 30
1580 86
1581 25
1582 83
1583 15
1584 42
1585 38
1586 9
1587 87
1588 48
1589 44
1590 2
1591 48
1592 0
1593 32
1594 70
1595 12
1596 75
1597 23
1598 6
1599 4
1600 67
1601 63
1602 28
1603 93
1604 89
1605 5
1606 46
1607 0
1608 39
1609 96
1610 40
1611 27
1612 68
1613 76
1614 73
1615 55
1616 86
1617 12
1618 71
1619 94
1620 48
1621 70
1622 18
1623 62
1624 39
1625 65
1626 64
1627 10
1628 9
1629 11
1630 3
1631 29
1632 61
1633 25
1634 29
1635 89
1636 73
1637 42
1638 46
1639 25
1640 51
1641 43
1642 31
1643 65
1644 49
1645 77
1646 89
1647 1
1648 33
1649 30
1650 98
1651 66
1652 14
1653 93
1654 48
1655 93
1656 21
1657 29
1658 89
1659 38
1660 16
1661 56
1662 65
1663 2
1664 63
1665 31
1666 91
1667 58
1668 17
1669 28
1670 23
1671 21
1672 5
1673 67
1674 32
1675 80
1676 43
1677 11
1678 32
1679 56
1680 33
1681 51
1682 23
1683 16
1684 86
1685 24
1686 18
1687 58
1688 72
1689 88
1690 82
1691 34
1692 81
1693 17
1694 71
1695 57
1696 61
1697 63
1698 94
1699 27
1700 61
1701 71
1702 15
1703 71
1704 32
1705 56
1706 3
1707 98
1708 53
1709 31
1710 22
1711 38
1712 58
1713 75
1714 51
1715 38
1716 71
1717 77
1718 94
1719 73
1720 48
1721 92
1722 7
1723 22
1724 15
1725 36
1726 51
1727 77
1728 7
1729 12
1730 49
1731 32
1732 0
1733 76
1734 30
1735 23
1736 84
1737 30
1738 93
1739 81
1740 48
1741 37
1742 73
1743 4
1744 87
1745 42
1746 83
1747 12
1748 29
1749 4
1750 52
1751 38
1752 26
1753 27
1754 81
1755 75
1756 48
1757 21
1758 73
1759 35
1760 12
1761 0
1762 32
1763 29
1764 89
1765 80
1766 38
1767 80
1768 41
1769 14
1770 79
1771 7
1772 70
1773 71
1774 81
1775 7
1776 19
1777 62
1778 63
1779 30
1780 90
1781 48
1782 83
1783 43
1784 18
1785 3
1786 35
1787 94
1788 47
1789 54
1790 46
1791 53
1792 70
1793 13
1794 50
1795 37
1796 65
1797 25
1798 86
1799 24
1800 36
1801 31
1802 36
1803 55
1804 71
1805 43
1806 55
1807 63
1808 5
1809 64
1810 55
1811 52
1812 88
1813 20
1814 22
1815 96
1816 17
1817 61
1818 88
1819 23
1820 60
1821 33
1822 62
1823 92
1824 6
1825 67
1826 25
1827 1
1828 4
1829 46
1830 34
1831 56
1832 11
1833 23
1834 33
1835 39
1836 67
1837 79
1838 57
1839 56
1840 11
1841 75
1842 43
1843 84
1844 31
1845 9
1846 99
1847 84
1848 60
1849 6
1850 60
1851 77
1852 89
1853 30
1854 47
1855 67
1856 46
1857 0
1858 5
1859 86
1860 89
1861 92
1862 24
1863 69
1864 97
1865 96
1866 46
1867 45
1868 18
1869 92
1870 74
1871 63
1872 1
1873 19
1874 50
1875 79
1876 82
1877 8
1878 15
1879 52
1880 23
1881 64
1882 94
1883 10
1884 83
1885 77
1886 48
1887 78
1888 21
1889 80
1890 4
1891 90
1892 17
1893 63
1894 69
1895 37
1896 17
1897 92
1898 3
1899 10
1900 41
1901 85
1902 16
1903 0
1904 50
1905 46
1906 94
1907 65
1908 77
1909 71
1910 47
1911 9
1912 31
1913 65
1914 21
1915 90
1916 57
1917 76
1918 42
1919 77
1920 83
1921 50
1922 62
1923 88
1924 23
1925 85
1926 67
1927 35
1928 12
1929 83
1930 53
1931 16
1932 35
1933 70
1934 35
1935 3
1936 75
1937 84
1938 58
1939 3
1940 61
1941 89
1942 75
1943 60
1944 8
1945 51
1946 33
1947 17
1948 36
1949 38
1950 71
1951 56
1952 55
1953 91
1954 31
1955 94
1956 29
1957 95
1958 41
1959 88
1960 2
1961 90
1962 58
1963 10
1964 45
1965 21
1966 74
1967 23
1968 99
1969 11
1970 92
1971 60
1972 54
1973 0
1974 32
1975 63
1976 37
1977 13
1978 92
1979 51
1980 28
1981 41
1982 94
1983 59
1984 6
1985 9
1986 87
1987 53
1988 24
1989 61
1990 5
1991 31
1992 59
1993 33
1994 14
1995 57
1996 39
1997 42
1998 35
1999 54
2000 36
2001 64
2002 33
2003 13
2004 36
2005 17
2006 84
2007 8
2008 54
2009 39
2010 59
2011 74
2012 14
2013 19
2014 81
2015 18
2016 47
2017 50
2018 69
2019 59
2020 59
2021 28
2022 54
2023 13
2024 11
2025 95
2026 88
2027 5
2028 17
2029 73
2030 78
2031 81
2032 99
2033 60
2034 61
2035 81
2036 64
2037 78
2038 33
2039 26
2040 65
2041 9
2042 52
2043 77
2044 71
2045 69
2046 12
2047 16
2048 53
2049 39
2050 38
2051 92
2052 80
2053 78
2054 76
2055 5
2056 76
2057 25
2058 92
2059 86
2060 44
2061 6
2062 40
2063 60
2064 37
2065 49
2066 68
2067 74
2068 9
2069 35
2070 41
2071 19
2072 86
2073 93
2074 25
2075 66
2076 16
2077 92
2078 18
2079 77
2080 11
2081 46
2082 66
2083 87
2084 72
2085 28
2086 96
2087 52
2088 11
2089 52
2090 73
2091 38
2092 6
2093 39
2094 83
2095 10
2096 95
2097 92
2098 57
2099 73
2100 15
2101 49
2102 87
2103 18
2104 11
2105 90
2106 73
2107 95
2108 75
2109 50
2110 34
2111 75
2112 95
2113 73
2114 48
2115 21
2116 40
2117 45
2118 40
2119 41
2120 94
2121 31
2122 31
2123 51
2124 92
2125 44
2126 63
2127 45
2128 98
2129 61
2130 71
2131 32
2132 97
2133 27
2134 39
2135 61
2136 1
2137 83
2138 62
2139 32
2140 77
2141 54
2142 86
2143 75
2144 61
2145 70
2146 35
2147 35
2148 7
2149 88
2150 23
2151 90
2152 25
2153 19
2154 65
2155 38
2156 1
2157 73
2158 28
2159 21
2160 65
2161 67
2162 38
2163 10
2164 44
2165 75
2166 62
2167 2
2168 6
2169 24
2170 89
2171 36
2172 74
2173 75
2174 1
2175 95
2176 71
2177 72
2178 0
2179 67
2180 41
2181 77
2182 63
2183 71
2184 61
2185 65
2186 37
2187 34
2188 77
2189 75
2190 40
2191 13
2192 38
2193 11
2194 48
2195 19
2196 65
2197 74
2198 42
2199 42
2200 98
2201 37
2202 56
2203 73
2204 90
2205 77
2206 36
2207 89
2208 40
2209 64
2210 24
2211 22
2212 7
2213 85
2214 28
2215 53
2216 60
2217 30
2218 68
2219 16
2220 62
2221 48
2222 18
2223 12
2224 47
2225 60
2226 50
2227 5
2228 48
2229 90
2230 39
2231 85
2232 46
2233 60
2234 81
2235 45
2236 81
2237 85
2238 40
2239 67
2240 10
2241 71
2242 6
2243 64
2244 38
2245 52
2246 90
2247 70
2248 71
2249 37
2250 53
2251 53
2252 80
2253 11
2254 12
2255 52
2256 97
2257 51
2258 77
2259 53
2260 50
2261 1
2262 65
2263 20
2264 3
2265 93
2266 26
2267 53
2268 40
2269 62
2270 38
2271 28
2272 47
2273 73
2274 3
2275 29
2276 44
2277 31
2278 26
2279 17
2280 31
2281 38
2282 10
2283 74
2284 43
2285 3
2286 99
2287 63
2288 71
2289 15
2290 98
2291 9
2292 11
2293 52
2294 87
2295 25
2296 21
2297 88
2298 52
2299 80
2300 10
2301 29
2302 38
2303 21
2304 64
2305 41
2306 86
2307 66
2308 29
2309 56
2310 24
2311 64
2312 95
2313 11
2314 41
2315 68
2316 87
2317 6
2318 1
2319 38
2320 72
2321 29
2322 89
2323 42
2324 91
2325 37
2326 52
2327 1
2328 98
2329 52
2330 2
2331 0
2332 30
2333 93
2334 67
2335 39
2336 67
2337 2
2338 35
2339 4
2340 50
2341 29
2342 30
2343 7
2344 92
2345 77
2346 29
2347 5
2348 25
2349 96
2350 37
2351 44
2352 80
2353 95
2354 32
2355 14
2356 34
2357 98
2358 43
2359 29
2360 39
2361 85
2362 4
2363 15
2364 8
2365 15
2366 24
2367 24
2368 33
2369 32
2370 44
2371 42
2372 85
2373 44
2374 7
2375 31
2376 4
2377 50
2378 55
2379 82
2380 29
2381 14
2382 88
2383 37
2384 39
2385 39
2386 43
2387 89
2388 57
2389 63
2390 53
2391 47
2392 52
2393 32
2394 4
2395 13
2396 9
2397 90
2398 72
2399 11
2400 0
2401 65
2402 61
2403 64
2404 43
2405 23
2406 29
2407 5
2408 66
2409 7
2410 44
2411 96
2412 40
2413 63
2414 97
2415 18
2416 65
2417 39
2418 17
2419 59
2420 63
2421 93
2422 89
2423 60
2424 59
2425 72
2426 18
2427 49
2428 81
2429 62
2430 42
2431 87
2432 96
2433 35
2434 49
2435 82
2436 80
2437 88
2438 95
2439 3
2440 1
2441 78
2442 26
2443 43
2444 98
2445 36
2446 90
2447 7
2448 85
2449 76
2450 7
2451 95
2452 77
2453 68
2454 2
2455 73
2456 45
2457 21
2458 19
2459 62
2460 97
2461 60
2462 64
2463 78
2464 84
2465 40
2466 72
2467 99
2468 57
2469 51
2470 67
2471 47
2472 69
2473 73
2474 38
2475 35
2476 2
2477 63
2478 20
2479 43
2480 91
2481 11
2482 18
2483 30
2484 13
2485 87
2486 32
2487 40
2488 16
2489 68
2490 34
2491 1
2492 25
2493 56
2494 33
2495 66
2496 36
2497 30
2498 8
2499 2
2500 14
2501 33
2502 37
2503 73
2504 49
2505 24
2506 33
2507 50
2508 86
2509 81
2510 41
2511 6
2512 33
2513 88
2514 36
2515 59
2516 61
2517 0
2518 96
2519 55
2520 99
2521 30
2522 82
2523 92
2524 21
2525 54
2526 86
2527 21
2528 30
2529 23
2530 88
2531 75
2532 69
2533 3
2534 17
2535 31
2536 41
2537 57
2538 33
2539 6
2540 34
2541 37
2542 3
2543 73
2544 22
2545 58
2546 73
2547 66
2548 2
2549 66
2550 80
2551 50
2552 51
2553 39
2554 24
2555 18
2556 51
2557 99
2558 13
2559 67
2560 71
2561 41
2562 53
2563 43
2564 46
2565 48
2566 53
2567 96
2568 96
2569 84
2570 87
2571 55
2572 6
2573 10
2574 70
2575 88
2576 72
2577 31
2578 47
2579 82
2580 40
2581 24
2582 75
2583 33
2584 5
2585 46
2586 49
2587 29
2588 34
2589 16
2590 94
2591 70
2592 43
2593 79
2594 43
2595 36
2596 26
2597 67
2598 66
2599 19
2600 71
2601 28
2602 71
2603 3
2604 98
2605 59
2606 73
2607 66
2608 55
2609 57
2610 74
2611 59
2612 74
2613 6
2614 21
2615 37
2616 36
2617 56
2618 74
2619 78
2620 14
2621 68
2622 51
2623 49
2624 79
2625 89
2626 9
2627 78
2628 21
2629 82
2630 15
2631 90
2632 6
2633 67
2634 4
2635 63
2636 22
2637 97
2638 74
2639 13
2640 86
2641 21
2642 0
2643 74
2644 81
2645 66
2646 95
2647 10
2648 51
2649 84
2650 80
2651 78
2652 50
2653 41
2654 36
2655 11
2656 57
2657 97
2658 52
2659 8
2660 76
2661 88
2662 89
2663 38
2664 30
2665 1
2666 90
2667 23
2668 18
2669 89
2670 70
2671 82
2672 41
2673 75
2674 45
2675 59
2676 32
2677 28
2678 2
2679 15
2680 7
2681 42
2682 62
2683 90
2684 41
2685 60
2686 42
2687 22
2688 28
2689 44
2690 80
2691 14
2692 96
2693 13
2694 21
2695 43
2696 88
2697 51
2698 87
2699 42
2700 79
2701 77
2702 4
2703 45
2704 80
2705 87
2706 77
2707 53
2708 26
2709 75
2710 11
2711 61
2712 51
2713 43
2714 15
2715 29
2716 68
2717 22
2718 31
2719 86
2720 59
2721 44
2722 98
2723 3
2724 94
2725 18
2726 27
2727 86
2728 96
2729 82
2730 1
2731 76
2732 14
2733 28
2734 22
2735 92
2736 19
2737 17
2738 18
2739 79
2740 61
2741 47
2742 4
2743 66
2744 87
2745 34
2746 35
2747 1
2748 62
2749 55
2750 95
2751 60
2752 6
2753 79
2754 21
2755 92
2756 71
2757 6
2758 73
2759 13
2760 20
2761 39
2762 3
2763 19
2764 27
2765 4
2766 36
2767 58
2768 8
2769 23
2770 58
2771 50
2772 14
2773 73
2774 53
2775 31
2776 71
2777 56
2778 52
2779 62
2780 3
2781 8
2782 43
2783 95
2784 17
2785 12
2786 7
2787 21
2788 11
2789 70
2790 65
2791 32
2792 81
2793 29
2794 72
2795 84
2796 27
2797 67
2798 25
2799 74
2800 44
2801 81
2802 13
2803 94
2804 61
2805 27
2806 25
2807 50
2808 20
2809 26
2810 85
2811 99
2812 34
2813 60
2814 3
2815 94
2816 46
2817 25
2818 23
2819 96
2820 14
2821 60
2822 60
2823 32
2824 82
2825 6
2826 61
2827 88
2828 56
2829 98
2830 54
2831 39
2832 4
2833 44
2834 96
2835 11
2836 11
2837 6
2838 5
2839 41
2840 61
2841 46
2842 24
2843 45
2844 12
2845 56
2846 63
2847 4
2848 9
2849 82
2850 26
2851 53
2852 41
2853 72
2854 12
2855 24
2856 62
2857 0
2858 96
2859 87
2860 49
2861 46
2862 20
2863 22
2864 9
2865 12
2866 17
2867 46
2868 72
2869 36
2870 53
2871 1
2872 92
2873 31
2874 33
2875 10
2876 71
2877 68
2878 23
2879 23
2880 54
2881 20
2882 83
2883 51
2884 93
2885 68
2886 32
2887 12
2888 79
2889 57
2890 89
2891 10
2892 15
2893 2
2894 25
2895 88
2896 6
2897 37
2898 5
2899 0
2900 37
2901 1
2902 81
2903 89
2904 79
2905 76
2906 81
2907 41
2908 22
2909 82
2910 85
2911 43
2912 55
2913 64
2914 1
2915 85
2916 11
2917 18
2918 79
2919 87
2920 8
2921 11
2922 81
2923 44
2924 47
2925 1
2926 70
2927 46
2928 81
2929 51
2930 60
2931 48
2932 1
2933 97
2934 50
2935 33
2936 65
2937 29
2938 1
2939 9
2940 71
2941 8
2942 57
2943 10
2944 39
2945 65
2946 90
2947 28
2948 0
2949 66
2950 77
2951 43
2952 75
2953 78
2954 14
2955 19
2956 49
2957 37
2958 79
2959 25
2960 90
2961 15
2962 27
2963 4
2964 96
2965 15
2966 5
2967 57
2968 21
2969 5
2970 65
2971 13
2972 61
2973 16
2974 87
2975 12
2976 35
2977 63
2978 55
2979 99
2980 86
2981 23
2982 54
2983 27
2984 7
2985 82
2986 19
2987 38
2988 98
2989 21
2990 42
2991 76
2992 23
2993 95
2994 94
2995 87
2996 56
2997 41
2998 23
2999 42
3000 3
3001 18
3002 94
3003 20
3004 47
3005 0
3006 25
3007 92
3008 42
3009 78
3010 98
3011 49
3012 83
3013 85
3014 5
3015 0
3016 15
3017 91
3018 38
3019 21
3020 22
3021 48
3022 87
3023 93
3024 89
3025 68
3026 17
3027 35
3028 3
3029 91
3030 91
3031 8
3032 50
3033 39
3034 88
3035 20
3036 84
3037 57
3038 4
3039 85
3040 30
3041 22
3042 67
3043 80
3044 1
3045 75
3046 85
3047 38
3048 95
3049 96
3050 67
3051 77
3052 10
3053 0
3054 80
3055 66
3056 26
3057 45
3058 70
3059 25
3060 66
3061 61
3062 8
3063 13
3064 98
3065 77
3066 78
3067 16
3068 52
3069 7
3070 50
3071 80
3072 62
3073 42
3074 6
3075 86
3076 70
3077 9
3078 20
3079 45
3080 59
3081 2
3082 20
3083 1
3084 44
3085 66
3086 38
3087 57
3088 33
3089 21
3090 19
3091 33
3092 12
3093 10
3094 16
3095 95
3096 22
3097 87
3098 11
3099 28
3100 99
3101 21
3102 12
3103 9
3104 40
3105 81
3106 50
3107 16
3108 88
3109 89
3110 52
3111 1
3112 86
3113 51
3114 28
3115 99
3116 54
3117 92
3118 86
3119 97
3120 35
3121 58
3122 20
3123 5
3124 16
3125 65
3126 46
3127 18
3128 2
3129 6
3130 53
3131 29
3132 9
3133 89
3134 28
3135 59
3136 82
3137 66
3138 34
3139 68
3140 1
3141 23
3142 0
3143 28
3144 4
3145 63
3146 50
3147 28
3148 4
3149 55
3150 18
3151 13
3152 66
3153 81
3154 45
3155 68
3156 45
3157 47
3158 2
3159 62
3160 16
3161 9
3162 22
3163 7
3164 99
3165 99
3166 2
3167 10
3168 15
3169 27
3170 29
3171 2
3172 1
3173 61
3174 52
3175 88
3176 95
3177 11
3178 23
3179 74
3180 93
3181 60
3182 0
3183 77
3184 78
3185 7
3186 30
3187 52
3188 73
3189 30
3190 60
3191 22
3192 54
3193 90
3194 40
3195 46
3196 38
3197 55
3198 15
3199 98
3200 3
3201 32
3202 6
3203 82
3204 54
3205 69
3206 77
3207 96
3208 19
3209 16
3210 27
3211 49
3212 94
3213 66
3214 88
3215 85
3216 80
3217 96
3218 50
3219 46
3220 19
3221 18
3222 95
3223 45
3224 62
3225 75
3226 16
3227 38
3228 89
3229 8
3230 59
3231 98
3232 88
3233 51
3234 19
3235 42
3236 48
3237 18
3238 71
3239 67
3240 72
3241 63
3242 76
3243 8
3244 7
3245 33
3246 75
3247 49
3248 94
3249 26
3250 20
3251 77
3252 11
3253 52
3254 35
3255 85
3256 6
3257 47
3258 51
3259 17
3260 84
3261 18
3262 97
3263 46
3264 68
3265 48
3266 22
3267 77
3268 73
3269 99
3270 14
3271 87
3272 66
3273 52
3274 41
3275 2
3276 41
3277 93
3278 62
3279 32
3280 44
3281 1
3282 16
3283 10
3284 74
3285 39
3286 39
3287 80
3288 66
3289 14
3290 69
3291 16
3292 13
3293 43
3294 42
3295 66
3296 95
3297 95
3298 1
3299 55
3300 18
3301 72
3302 67
3303 4
3304 28
3305 64
3306 88
3307 45
3308 23
3309 56
3310 54
3311 90
3312 62
3313 69
3314 25
3315 80
3316 43
3317 4
3318 96
3319 66
3320 53
3321 81
3322 72
3323 55
3324 47
3325 47
3326 72
3327 41
3328 92
3329 7
3330 41
3331 65
3332 99
3333 27
3334 82
3335 44
3336 34
3337 61
3338 49
3339 15
3340 29
3341 24
3342 84
3343 52
3344 27
3345 81
3346 23
3347 42
3348 3
3349 75
3350 56
3351 0
3352 45
3353 68
3354 19
3355 49
3356 83
3357 34
3358 59
3359 95
3360 8
3361 11
3362 6
3363 76
3364 9
3365 78
3366 45
3367 63
3368 60
3369 2
3370 14
3371 72
3372 43
3373 46
3374 54
3375 17
3376 26
3377 60
3378 70
3379 53
3380 49
3381 84
3382 83
3383 25
3384 60
3385 37
3386 37
3387 42
3388 9
3389 17
3390 29
3391 10
3392 87
3393 33
3394 56
3395 29
3396 93
3397 83
3398 40
3399 9
3400 63
3401 89
3402 51
3403 8
3404 34
3405 92
3406 9
3407 81
3408 33
3409 13
3410 34
3411 71
3412 78
3413 97
3414 28
3415 44
3416 45
3417 49
3418 45
3419 67
3420 6
3421 94
3422 47
3423 58
3424 65
3425 11
3426 85
3427 57
3428 53
3429 80
3430 36
3431 16
3432 85
3433 41
3434 46
3435 18
3436 71
3437 45
3438 36
3439 88
3440 26
3441 47
3442 47
3443 85
3444 0
3445 71
3446 35
3447 29
3448 93
3449 52
3450 13
3451 30
3452 60
3453 68
3454 25
3455 72
3456 94
3457 38
3458 76
3459 21
3460 69
3461 64
3462 10
3463 29
3464 77
3465 85
3466 73
3467 98
3468 48
3469 32
3470 80
3471 1
3472 21
3473 29
3474 69
3475 69
3476 80
3477 32
3478 68
3479 54
3480 81
3481 84
3482 42
3483 21
3484 14
3485 77
3486 52
3487 23
3488 91
3489 22
3490 95
3491 77
3492 51
3493 69
3494 76
3495 41
3496 61
3497 80
3498 86
3499 64
3500 44
3501 70
3502 92
3503 6
3504 28
3505 56
3506 96
3507 60
3508 93
3509 80
3510 63
3511 50
3512 43
3513 10
3514 69
3515 45
3516 30
3517 56
3518 61
3519 42
3520 9
3521 77
3522 98
3523 68
3524 18
3525 92
3526 59
3527 63
3528 5
3529 60
3530 39
3531 2
3532 7
3533 35
3534 2
3535 37
3536 41
3537 62
3538 82
3539 61
3540 24
3541 18
3542 4
3543 86
3544 55
3545 76
3546 1
3547 86
3548 91
3549 26
3550 4
3551 52
3552 35
3553 37
3554 71
3555 37
3556 95
3557 32
3558 81
3559 24
3560 24
3561 5
3562 28
3563 38
3564 58
3565 68
3566 15
3567 24
3568 46
3569 42
3570 84
3571 67
3572 72
3573 9
3574 29
3575 74
3576 56
3577 96
3578 63
3579 89
3580 15
3581 2
3582 65
3583 34
3584 13
3585 96
3586 91
3587 73
3588 41
3589 61
3590 76
3591 80
3592 15
3593 37
3594 56
3595 39
3596 23
3597 94
3598 28
3599 68
3600 57
3601 4
3602 43
3603 23
3604 93
3605 54
3606 53
3607 4
3608 88
3609 54
3610 87
3611 68
3612 2
3613 32
3614 94
3615 12
3616 91
3617 69
3618 10
3619 69
3620 99
3621 12
3622 30
3623 66
3624 7
3625 39
3626 32
3627 26
3628 93
3629 71
3630 82
3631 44
3632 76
3633 45
3634 79
3635 97
3636 61
3637 98
3638 26
3639 98
3640 62
3641 45
3642 13
3643 45
3644 4
3645 53
3646 65
3647 66
3648 95
3649 87
3650 71
3651 21
3652 73
3653 97
3654 48
3655 62
3656 41
3657 4
3658 85
3659 34
3660 5
3661 65
3662 30
3663 23
3664 77
3665 55
3666 15
3667 88
3668 58
3669 58
3670 4
3671 91
3672 51
3673 25
3674 19
3675 4
3676 19
3677 82
3678 57
3679 71
3680 28
3681 5
3682 42
3683 36
3684 26
3685 52
3686 40
3687 86
3688 74
3689 0
3690 8
3691 70
3692 49
3693 46
3694 32
3695 24
3696 20
3697 40
3698 30
3699 51
3700 89
3701 80
3702 55
3703 39
3704 4
3705 99
3706 79
3707 79
3708 10
3709 26
3710 69
3711 58
3712 89
3713 45
3714 79
3715 80
3716 11
3717 3
3718 40
3719 14
3720 9
3721 71
3722 26
3723 21
3724 97
3725 16
3726 80
3727 88
3728 82
3729 79
3730 30
3731 50
3732 15
3733 18
3734 89
3735 49
3736 89
3737 28
3738 42
3739 63
3740 50
3741 16
3742 47
3743 3
3744 22
3745 58
3746 13
3747 37
3748 16
3749 56
3750 44
3751 22
3752 47
3753 51
3754 88
3755 70
3756 66
3757 51
3758 41
3759 79
3760 19
3761 93
3762 48
3763 39
3764 21
3765 35
3766 5
3767 34
3768 60
3769 60
3770 40
3771 43
3772 95
3773 69
3774 47
3775 40
3776 92
3777 16
3778 62
3779 4
3780 45
3781 19
3782 74
3783 57
3784 67
3785 16
3786 89
3787 46
3788 96
3789 81
3790 30
3791 9
3792 51
3793 56
3794 69
3795 62
3796 4
3797 41
3798 70
3799 99
3800 49
3801 89
3802 15
3803 57
3804 71
3805 76
3806 15
3807 96
3808 79
3809 21
3810 65
3811 7
3812 16
3813 38
3814 70
3815 32
3816 32
3817 51
3818 8
3819 94
3820 57
3821 84
3822 4
3823 85
3824 74
3825 13
3826 79
3827 85
3828 84
3829 40
3830 25
3831 42
3832 80
3833 39
3834 75
3835 79
3836 2
3837 11
3838 1
3839 55
3840 1
3841 51
3842 47
3843 38
3844 86
3845 72
3846 4
3847 40
3848 13
3849 45
3850 79
3851 72
3852 86
3853 14
3854 86
3855 91
3856 93
3857 37
3858 40
3859 46
3860 45
3861 14
3862 9
3863 90
3864 12
3865 71
3866 77
3867 33
3868 47
3869 65
3870 87
3871 46
3872 65
3873 19
3874 7
3875 25
3876 6
3877 77
3878 19
3879 3
3880 50
3881 14
3882 85
3883 73
3884 37
3885 42
3886 9
3887 82
3888 82
3889 3
3890 87
3891 33
3892 96
3893 26
3894 11
3895 51
3896 7
3897 16
3898 34
3899 21
3900 78
3901 12
3902 51
3903 57
3904 35
3905 63
3906 24
3907 20
3908 92
3909 29
3910 97
3911 38
3912 23
3913 42
3914 71
3915 76
3916 67
3917 40
3918 89
3919 9
3920 71
3921 93
3922 55
3923 90
3924 62
3925 51
3926 50
3927 99
3928 18
3929 30
3930 38
3931 87
3932 67
3933 92
3934 45
3935 69
3936 34
3937 63
3938 0
3939 14
3940 28
3941 67
3942 45
3943 51
3944 62
3945 57
3946 94
3947 11
3948 45
3949 69
3950 19
3951 75
3952 57
3953 18
3954 27
3955 43
3956 94
3957 30
3958 77
3959 77
3960 10
3961 85
3962 23
3963 99
3964 8
3965 22
3966 9
3967 21
3968 66
3969 76
3970 18
3971 82
3972 95
3973 53
3974 11
3975 57
3976 76
3977 22
3978 85
3979 61
3980 79
3981 10
3982 92
3983 3
3984 36
3985 73
3986 9
3987 56
3988 12
3989 48
3990 99
3991 33
3992 95
3993 66
3994 45
3995 60
3996 65
3997 34
3998 1
3999 98
4000 59
4001 3
4002 32
4003 43
4004 15
4005 74
4006 27
4007 23
4008 3
4009 57
4010 48
4011 82
4012 78
4013 10
4014 48
4015 41
4016 65
4017 12
4018 29
4019 3
4020 63
4021 45
4022 36
4023 70
4024 7
4025 14
4026 82
4027 41
4028 38
4029 31
4030 57
4031 42
4032 46
4033 78
4034 74
4035 57
4036 33
4037 52
4038 70
4039 37
4040 90
4041 85
4042 71
4043 52
4044 31
4045 55
4046 41
4047 86
4048 47
4049 52
4050 59
4051 79
4052 13
4053 37
4054 97
4055 34
4056 86
4057 77
4058 69
4059 43
4060 57
4061 82
4062 77
4063 89
4064 55
4065 82
4066 95
4067 34
4068 16
4069 88
4070 55
4071 2
4072 0
4073 1
4074 76
4075 39
4076 17
4077 68
4078 40
4079 32
4080 44
4081 97
4082 70
4083 23
4084 61
4085 79
4086 80
4087 15
4088 99
4089 96
4090 56
4091 78
4092 5
4093 22
4094 28
4095 37
4096 36
4097 79
4098 27
4099 80
4100 77
4101 33
4102 47
4103 54
4104 40
4105 68
4106 82
4107 2
4108 34
4109 35
4110 47
4111 46
4112 8
4113 90
4114 1
4115 73
4116 73
4117 38
4118 2
4119 83
4120 79
4121 12
4122 80
4123 81
4124 61
4125 98
4126 85
4127 25
4128 9
4129 86
4130 68
4131 60
4132 28
4133 75
4134 4
4135 8
4136 12
4137 40
4138 0
4139 12
4140 57
4141 51
4142 46
4143 71
4144 42
4145 91
4146 59
4147 45
4148 50
4149 3
4150 52
4151 38
4152 94
4153 99
4154 81
4155 45
4156 67
4157 23
4158 81
4159 53
4160 35
4161 58
4162 91
4163 91
4164 56
4165 59
4166 38
4167 24
4168 95
4169 0
4170 52
4171 96
4172 21
4173 97
4174 70
4175 48
4176 88
4177 79
4178 47
4179 34
4180 15
4181 11
4182 67
4183 0
4184 35
4185 23
4186 24
4187 77
4188 29
4189 67
4190 1
4191 15
4192 13
4193 2
4194 88
4195 54
4196 22
4197 29
4198 10
4199 4
4200 49
4201 42
4202 13
4203 14
4204 30
4205 32
4206 3
4207 66
4208 35
4209 77
4210 9
4211 45
4212 25
4213 6
4214 32
4215 6
4216 36
4217 24
4218 60
4219 86
4220 29
4221 65
4222 81
4223 66
4224 4
4225 18
4226 25
4227 39
4228 89
4229 97
4230 41
4231 7
4232 41
4233 54
4234 79
4235 51
4236 83
4237 25
4238 95
4239 38
4240 55
4241 3
4242 6
4243 42
4244 11
4245 14
4246 15
4247 50
4248 14
4249 22
4250 2
4251 91
4252 76
4253 52
4254 47
4255 3
4256 82
4257 65
4258 34
4259 8
4260 72
4261 31
4262 54
4263 98
4264 3
4265 47
4266 58
4267 44
4268 39
4269 95
4270 13
4271 4
4272 63
4273 49
4274 17
4275 32
4276 40
4277 50
4278 10
4279 32
4280 34
4281 55
4282 37
4283 56
4284 70
4285 28
4286 74
4287 84
4288 0
4289 44
4290 20
4291 85
4292 12
4293 75
4294 37
4295 10
4296 10
4297 97
4298 95
4299 23
4300 92
4301 94
4302 9
4303 48
4304 3
4305 82
4306 60
4307 63
4308 5
4309 48
4310 21
4311 44
4312 4
4313 30
4314 50
4315 49
4316 4
4317 41
4318 68
4319 64
4320 93
4321 19
4322 3
4323 76
4324 81
4325 93
4326 34
4327 45
4328 80
4329 18
4330 7
4331 89
4332 83
4333 94
4334 18
4335 58
4336 55
4337 71
4338 43
4339 56
4340 36
4341 18
4342 63
4343 76
4344 89
4345 13
4346 82
4347 25
4348 75
4349 1
4350 73
4351 54
4352 99
4353 49
4354 75
4355 4
4356 5
4357 33
4358 63
4359 87
4360 9
4361 52
4362 54
4363 7
4364 30
4365 23
4366 80
4367 95
4368 76
4369 36
4370 41
4371 55
4372 41
4373 20
4374 89
4375 45
4376 53
4377 31
4378 12
4379 39
4380 35
4381 10
4382 8
4383 14
4384 6
4385 61
4386 89
4387 80
4388 14
4389 20
4390 49
4391 50
4392 20
4393 95
4394 35
4395 29
4396 87
4397 3
4398 82
4399 93
4400 55
4401 28
4402 90
4403 8
4404 69
4405 74
4406 40
4407 53
4408 24
4409 8
4410 62
4411 79
4412 59
4413 30
4414 24
4415 62
4416 26
4417 31
4418 71
4419 89
4420 20
4421 76
4422 96
4423 46
4424 47
4425 40
4426 2
4427 42
4428 21
4429 30
4430 36
4431 88
4432 1
4433 28
4434 14
4435 69
4436 96
4437 87
4438 27
4439 68
4440 89
4441 25
4442 26
4443 22
4444 37
4445 66
4446 90
4447 10
4448 94
4449 3
4450 58
4451 11
4452 19
4453 58
4454 72
4455 75
4456 34
4457 48
4458 5
4459 38
4460 26
4461 69
4462 68
4463 62
4464 54
4465 77
4466 76
4467 26
4468 42
4469 10
4470 31
4471 30
4472 9
4473 96
4474 26
4475 25
4476 98
4477 75
4478 98
4479 34
4480 86
4481 25
4482 56
4483 55
4484 12
4485 29
4486 26
4487 50
4488 67
4489 42
4490 59
4491 13
4492 51
4493 81
4494 43
4495 27
4496 16
4497 25
4498 49
4499 54
4500 4
4501 16
4502 30
4503 83
4504 58
4505 84
4506 95
4507 29
4508 51
4509 6
4510 97
4511 53
4512 72
4513 17
4514 30
4515 32
4516 62
4517 48
4518 29
4519 36
4520 26
4521 29
4522 38
4523 87
4524 59
4525 68
4526 13
4527 16
4528 16
4529 6
4530 19
4531 94
4532 26
4533 3
4534 53
4535 32
4536 92
4537 27
4538 78
4539 96
4540 56
4541 59
4542 55
4543 46
4544 86
4545 57
4546 16
4547 39
4548 64
4549 88
4550 37
4551 22
4552 67
4553 46
4554 95
4555 54
4556 6
4557 48
4558 82
4559 12
4560 93
4561 44
4562 4
4563 57
4564 83
4565 30
4566 56
4567 22
4568 42
4569 2
4570 67
4571 68
4572 19
4573 71
4574 42
4575 89
4576 25
4577 95
4578 56
4579 82
4580 51
4581 79
4582 82
4583 12
4584 22
4585 28
4586 0
4587 50
4588 53
4589 54
4590 10
4591 1
4592 7
4593 79
4594 10
4595 50
4596 95
4597 66
4598 24
4599 47
4600 27
4601 2
4602 56
4603 50
4604 13
4605 26
4606 35
4607 19
4608 70
4609 96
4610 60
4611 8
4612 16
4613 75
4614 85
4615 45
4616 34
4617 5
4618 12
4619 54
4620 93
4621 58
4622 27
4623 42
4624 73
4625 14
4626 1
4627 30
4628 68
4629 71
4630 1
4631 79
4632 97
4633 48
4634 17
4635 23
4636 17
4637 94
4638 55
4639 19
4640 35
4641 98
4642 94
4643 80
4644 65
4645 44
4646 0
4647 42
4648 2
4649 22
4650 72
4651 4
4652 12
4653 16
4654 85
4655 68
4656 22
4657 96
4658 96
4659 84
4660 52
4661 2
4662 40
4663 27
4664 99
4665 22
4666 12
4667 74
4668 92
4669 89
4670 26
4671 30
4672 41
4673 9
4674 92
4675 58
4676 93
4677 88
4678 74
4679 69
4680 70
4681 86
4682 18
4683 54
4684 70
4685 47
4686 25
4687 15
4688 88
4689 19
4690 2
4691 31
4692 35
4693 43
4694 83
4695 14
4696 72
4697 21
4698 19
4699 61
4700 75
4701 58
4702 57
4703 93
4704 10
4705 11
4706 91
4707 25
4708 84
4709 87
4710 42
4711 36
4712 23
4713 34
4714 32
4715 34
4716 7
4717 28
4718 74
4719 70
4720 15
4721 44
4722 53
4723 47
4724 54
4725 58
4726 59
4727 88
4728 57
4729 46
4730 89
4731 91
4732 92
4733 88
4734 50
4735 8
4736 93
4737 11
4738 94
4739 19
4740 36
4741 60
4742 38
4743 11
4744 20
4745 28
4746 5
4747 57
4748 76
4749 17
4750 70
4751 41
4752 94
4753 58
4754 92
4755 25
4756 32
4757 71
4758 16
4759 53
4760 44
4761 3
4762 29
4763 34
4764 12
4765 47
4766 36
4767 22
4768 12
4769 95
4770 57
4771 3
4772 13
4773 63
4774 35
4775 69
4776 49
4777 78
4778 34
4779 35
4780 0
4781 4
4782 3
4783 68
4784 24
4785 48
4786 67
4787 48
4788 43
4789 75
4790 72
4791 22
4792 36
4793 42
4794 1
4795 58
4796 9
4797 39
4798 33
4799 43
4800 38
4801 22
4802 1
4803 57
4804 23
4805 4
4806 13
4807 58
4808 2
4809 88
4810 33
4811 28
4812 55
4813 84
4814 89
4815 36
4816 96
4817 99
4818 54
4819 92
4820 3
4821 54
4822 90
4823 99
4824 42
4825 10
4826 60
4827 83
4828 62
4829 98
4830 30
4831 74
4832 85
4833 39
4834 47
4835 88
4836 15
4837 87
4838 48
4839 93
4840 82
4841 21
4842 84
4843 16
4844 77
4845 52
4846 65
4847 34
4848 3
4849 27
4850 11
4851 60
4852 76
4853 45
4854 85
4855 89
4856 92
4857 39
4858 6
4859 71
4860 70
4861 90
4862 93
4863 83
4864 34
4865 17
4866 80
4867 78
4868 7
4869 75
4870 23
4871 75
4872 32
4873 1
4874 99
4875 96
4876 90
4877 32
4878 10
4879 26
4880 77
4881 25
4882 47
4883 28
4884 21
4885 14
4886 47
4887 26
4888 79
4889 47
4890 63
4891 36
4892 1
4893 57
4894 2
4895 82
4896 82
4897 17
4898 35
4899 43
4900 36
4901 87
4902 75
4903 34
4904 86
4905 28
4906 19
4907 3
4908 72
4909 23
4910 96
4911 54
4912 47
4913 44
4914 25
4915 26
4916 48
4917 62
4918 98
4919 30
4920 25
4921 80
4922 89
4923 72
4924 58
4925 73
4926 9
4927 45
4928 13
4929 79
4930 8
4931 31
4932 35
4933 15
4934 52
4935 0
4936 54
4937 29
4938 24
4939 58
4940 26
4941 71
4942 50
4943 58
4944 26
4945 94
4946 85
4947 45
4948 13
4949 55
4950 63
4951 89
4952 75
4953 62
4954 3
4955 20
4956 75
4957 30
4958 19
4959 43
4960 96
4961 38
4962 95
4963 29
4964 33
4965 61
4966 10
4967 95
4968 18
4969 23
4970 85
4971 41
4972 98
4973 69
4974 58
4975 31
4976 21
4977 65
4978 93
4979 58
4980 25
4981 77
4982 79
4983 64
4984 9
4985 80
4986 41
4987 45
4988 40
4989 55
4990 3
4991 10
4992 10
4993 57
4994 51
4995 12
4996 81
4997 12
4998 24
4999 54
5000 68
5001 18
5002 25
5003 84
5004 1
5005 83
5006 84
5007 92
5008 68
5009 89
5010 16
5011 78
5012 90
5013 11
5014 20
5015 22
5016 89
5017 95
5018 37
5019 55
5020 32
5021 38
5022 29
5023 25
5024 87
5025 99
5026 80
5027 2
5028 4
5029 25
5030 28
5031 66
5032 52
5033 33
5034 16
5035 98
5036 75
5037 94
5038 14
5039 87
5040 91
5041 5
5042 20
5043 38
5044 69
5045 46
5046 48
5047 92
5048 20
5049 72
5050 30
5051 25
5052 97
5053 97
5054 20
5055 31
5056 89
5057 12
5058 42
5059 64
5060 74
5061 50
5062 82
5063 43
5064 58
5065 45
5066 96
5067 17
5068 70
5069 79
5070 31
5071 14
5072 89
5073 71
5074 96
5075 89
5076 72
5077 3
5078 91
5079 46
5080 46
5081 37
5082 93
5083 64
5084 42
5085 65
5086 41
5087 68
5088 6
5089 41
5090 96
5091 20
5092 15
5093 69
5094 60
5095 18
5096 14
5097 52
5098 11
5099 70
5100 55
5101 6
5102 6
5103 69
5104 46
5105 85
5106 10
5107 31
5108 67
5109 90
5110 48
5111 3
5112 64
5113 63
5114 88
5115 97
5116 53
5117 0
5118 3
5119 37
5120 76
5121 74
5122 58
5123 86
5124 25
5125 64
5126 65
5127 58
5128 21
5129 77
5130 85
5131 79
5132 42
5133 55
5134 26
5135 31
5136 66
5137 36
5138 74
5139 65
5140 20
5141 87
5142 14
5143 67
5144 66
5145 77
5146 48
5147 73
5148 37
5149 20
5150 1
5151 88
5152 31
5153 99
5154 86
5155 44
5156 29
5157 10
5158 71
5159 13
5160 4
5161 83
5162 12
5163 81
5164 53
5165 71
5166 34
5167 49
5168 32
5169 84
5170 49
5171 75
5172 60
5173 44
5174 31
5175 75
5176 6
5177 91
5178 83
5179 3
5180 97
5181 65
5182 71
5183 31
5184 78
5185 97
5186 98
5187 28
5188 55
5189 91
5190 86
5191 80
5192 93
5193 22
5194 73
5195 72
5196 97
5197 37
5198 3
5199 80
5200 94
5201 61
5202 65
5203 26
5204 63
5205 15
5206 70
5207 84
5208 91
5209 61
5210 7
5211 14
5212 26
5213 82
5214 74
5215 77
5216 88
5217 55
5218 2
5219 43
5220 32
5221 43
5222 42
5223 3
5224 26
5225 1
5226 82
5227 86
5228 76
5229 69
5230 33
5231 29
5232 77
5233 94
5234 75
5235 96
5236 70
5237 11
5238 30
5239 76
5240 97
5241 71
5242 99
5243 41
5244 21
5245 39
5246 1
5247 98
5248 23
5249 7
5250 63
5251 2
5252 22
5253 24
5254 11
5255 84
5256 78
5257 81
5258 51
5259 82
5260 22
5261 42
5262 70
5263 30
5264 17
5265 63
5266 27
5267 26
5268 23
5269 80
5270 65
5271 89
5272 11
5273 40
5274 79
5275 30
5276 33
5277 57
5278 16
5279 14
5280 82
5281 95
5282 87
5283 95
5284 64
5285 0
5286 45
5287 35
5288 17
5289 97
5290 85
5291 77
5292 48
5293 41
5294 54
5295 43
5296 21
5297 71
5298 63
5299 3
5300 29
5301 14
5302 38
5303 72
5304 0
5305 55
5306 16
5307 73
5308 37
5309 74
5310 2
5311 6
5312 78
5313 61
5314 33
5315 79
5316 54
5317 68
5318 38
5319 40
5320 79
5321 3
5322 99
5323 83
5324 36
5325 29
5326 88
5327 81
5328 53
5329 51
5330 45
5331 56
5332 49
5333 75
5334 1
5335 71
5336 98
5337 27
5338 57
5339 74
5340 22
5341 30
5342 57
5343 57
5344 27
5345 58
5346 51
5347 92
5348 44
5349 94
5350 21
5351 55
5352 75
5353 40
5354 63
5355 85
5356 40
5357 48
5358 37
5359 60
5360 42
5361 88
5362 1
5363 94
5364 7
5365 53
5366 91
5367 28
5368 26
5369 79
5370 84
5371 23
5372 15
5373 77
5374 95
5375 10
5376 82
5377 94
5378 44
5379 97
5380 71
5381 87
5382 73
5383 20
5384 21
5385 36
5386 66
5387 37
5388 19
5389 47
5390 48
5391 74
5392 21
5393 77
5394 3
5395 49
5396 38
5397 42
5398 62
5399 19
5400 29
5401 48
5402 95
5403 17
5404 23
5405 19
5406 80
5407 57
5408 70
5409 91
5410 53
5411 43
5412 2
5413 81
5414 61
5415 8
5416 87
5417 22
5418 13
5419 82
5420 97
5421 22
5422 96
5423 91
5424 84
5425 91
5426 65
5427 61
5428 39
5429 52
5430 38
5431 8
5432 51
5433 22
5434 6
5435 85
5436 5
5437 66
5438 89
5439 54
5440 74
5441 77
5442 69
5443 61
5444 16
5445 63
5446 8
5447 94
5448 82
5449 82
5450 41
5451 1
5452 41
5453 96
5454 53
5455 87
5456 74
5457 91
5458 67
5459 79
5460 69
5461 29
5462 87
5463 27
5464 16
5465 95
5466 86
5467 50
5468 63
5469 27
5470 93
5471 53
5472 22
5473 1
5474 73
5475 75
5476 2
5477 8
5478 79
5479 45
5480 55
5481 19
5482 65
5483 85
5484 69
5485 16
5486 89
5487 86
5488 90
5489 47
5490 4
5491 90
5492 54
5493 17
5494 27
5495 83
5496 53
5497 54
5498 11
5499 20
5500 67
5501 18
5502 64
5503 73
5504 19
5505 69
5506 93
5507 47
5508 85
5509 47
5510 1
5511 43
5512 23
5513 51
5514 42
5515 30
5516 86
5517 75
5518 91
5519 43
5520 24
5521 94
5522 60
5523 69
5524 30
5525 38
5526 51
5527 92
5528 32
5529 82
5530 42
5531 86
5532 93
5533 97
5534 12
5535 80
5536 87
5537 11
5538 95
5539 39
5540 76
5541 65
5542 96
5543 24
5544 27
5545 36
5546 65
5547 60
5548 36
5549 63
5550 5
5551 40
5552 22
5553 4
5554 9
5555 65
5556 4
5557 90
5558 79
5559 31
5560 36
5561 93
5562 36
5563 66
5564 98
5565 27
5566 44
5567 2
5568 40
5569 68
5570 93
5571 5
5572 51
5573 11
5574 53
5575 52
5576 11
5577 11
5578 84
5579 75
5580 86
5581 38
5582 16
5583 12
5584 69
5585 90
5586 40
5587 93
5588 43
5589 84
5590 39
5591 24
5592 45
5593 92
5594 70
5595 60
5596 15
5597 62
5598 41
5599 69
5600 85
5601 9
5602 84
5603 10
5604 47
5605 45
5606 13
5607 10
5608 24
5609 67
5610 46
5611 21
5612 36
5613 26
5614 35
5615 98
5616 97
5617 36
5618 1
5619 72
5620 89
5621 96
5622 66
5623 42
5624 60
5625 54
5626 4
5627 36
5628 65
5629 56
5630 77
5631 72
5632 41
5633 67
5634 15
5635 63
5636 95
5637 2
5638 88
5639 21
5640 52
5641 42
5642 64
5643 91
5644 46
5645 44
5646 27
5647 14
5648 24
5649 42
5650 80
5651 74
5652 96
5653 45
5654 30
5655 43
5656 39
5657 37
5658 52
5659 39
5660 12
5661 2
5662 43
5663 52
5664 87
5665 4
5666 64
5667 93
5668 61
5669 89
5670 94
5671 87
5672 69
5673 43
5674 10
5675 41
5676 96
5677 49
5678 52
5679 55
5680 11
5681 4
5682 1
5683 3
5684 91
5685 2
5686 91
5687 19
5688 67
5689 8
5690 98
5691 26
5692 25
5693 89
5694 14
5695 16
5696 38
5697 3
5698 55
5699 30
5700 33
5701 96
5702 27
5703 63
5704 18
5705 92
5706 34
5707 41
5708 70
5709 12
5710 43
5711 21
5712 48
5713 19
5714 46
5715 96
5716 68
5717 15
5718 71
5719 86
5720 46
5721 8
5722 20
5723 22
5724 77
5725 93
5726 25
5727 66
5728 38
5729 78
5730 94
5731 26
5732 13
5733 43
5734 40
5735 50
5736 14
5737 91
5738 7
5739 46
5740 58
5741 14
5742 93
5743 62
5744 66
5745 5
5746 12
5747 55
5748 95
5749 67
5750 63
5751 84
5752 11
5753 30
5754 46
5755 11
5756 61
5757 83
5758 87
5759 73
5760 88
5761 16
5762 31
5763 95
5764 46
5765 48
5766 70
5767 12
5768 72
5769 26
5770 85
5771 94
5772 93
5773 74
5774 84
5775 60
5776 70
5777 57
5778 74
5779 98
5780 59
5781 56
5782 55
5783 10
5784 74
5785 28
5786 38
5787 39
5788 37
5789 63
5790 13
5791 54
5792 89
5793 40
5794 48
5795 79
5796 73
5797 14
5798 69
5799 18
5800 66
5801 80
5802 9
5803 25
5804 7
5805 93
5806 30
5807 25
5808 1
5809 24
5810 97
5811 38
5812 22
5813 98
5814 81
5815 77
5816 86
5817 52
5818 93
5819 55
5820 3
5821 27
5822 84
5823 91
5824 16
5825 98
5826 69
5827 38
5828 4
5829 51
5830 73
5831 19
5832 0
5833 83
5834 18
5835 32
5836 9
5837 30
5838 47
5839 20
5840 21
5841 7
5842 48
5843 85
5844 18
5845 56
5846 2
5847 91
5848 33
5849 4
5850 77
5851 62
5852 85
5853 46
5854 29
5855 67
5856 19
5857 78
5858 96
5859 65
5860 21
5861 17
5862 92
5863 31
5864 21
5865 79
5866 94
5867 30
5868 99
5869 0
5870 54
5871 13
5872 21
5873 90
5874 56
5875 76
5876 56
5877 99
5878 5
5879 63
5880 52
5881 21
5882 80
5883 10
5884 62
5885 85
5886 33
5887 29
5888 42
5889 47
5890 75
5891 27
5892 0
5893 83
5894 25
5895 63
5896 38
5897 26
5898 29
5899 54
5900 96
5901 96
5902 88
5903 50
5904 59
5905 89
5906 79
5907 26
5908 70
5909 76
5910 34
5911 34
5912 68
5913 84
5914 96
5915 1
5916 6
5917 32
5918 73
5919 73
5920 72
5921 13
5922 77
5923 33
5924 67
5925 31
5926 98
5927 54
5928 86
5929 10
5930 19
5931 80
5932 93
5933 43
5934 53
5935 57
5936 20
5937 28
5938 7
5939 9
5940 72
5941 27
5942 39
5943 35
5944 66
5945 48
5946 27
5947 23
5948 56
5949 61
5950 75
5951 60
5952 11
5953 19
5954 15
5955 22
5956 71
5957 64
5958 29
5959 49
5960 99
5961 96
5962 83
5963 74
5964 46
5965 63
5966 93
5967 65
5968 99
5969 45
5970 83
5971 58
5972 46
5973 7
5974 55
5975 69
5976 79
5977 5
5978 17
5979 12
5980 8
5981 21
5982 98
5983 52
5984 76
5985 51
5986 78
5987 81
5988 85
5989 54
5990 21
5991 83
5992 13
5993 97
5994 2
5995 62
5996 73
5997 82
5998 86
5999 57
6000 14
6001 13
6002 57
6003 98
6004 62
6005 46
6006 7
6007 14
6008 8
6009 62
6010 5
6011 34
6012 38
6013 42
6014 43
6015 75
6016 20
6017 84
6018 94
6019 82
6020 33
6021 6
6022 74
6023 12
6024 0
6025 67
6026 92
6027 30
6028 93
6029 46
6030 64
6031 48
6032 40
6033 94
6034 58
6035 92
6036 10
6037 23
6038 31
6039 59
6040 59
6041 51
6042 6
6043 96
6044 45
6045 77
6046 87
6047 6
6048 79
6049 39
6050 16
6051 51
6052 40
6053 53
6054 28
6055 45
6056 20
6057 25
6058 94
6059 40
6060 79
6061 77
6062 63
6063 82
6064 68
6065 19
6066 91
6067 27
6068 67
6069 77
6070 32
6071 55
6072 11
6073 63
6074 17
6075 82
6076 22
6077 57
6078 42
6079 86
6080 47
6081 77
6082 34
6083 61
6084 6
6085 70
6086 22
6087 22
6088 97
6089 97
6090 95
6091 84
6092 42
6093 39
6094 92
6095 56
6096 93
6097 83
6098 64
6099 11
6100 85
6101 31
6102 61
6103 1
6104 12
6105 3
6106 48
6107 8
6108 50
6109 82
6110 36
6111 58
6112 71
6113 13
6114 13
6115 39
6116 12
6117 20
6118 92
6119 3
6120 26
6121 89
6122 67
6123 50
6124 37
6125 44
6126 27
6127 73
6128 23
6129 78
6130 39
6131 6
6132 3
6133 53
6134 14
6135 48
6136 88
6137 75
6138 77
6139 9
6140 16
6141 29
6142 26
6143 29
6144 77
6145 52
6146 52
6147 18
6148 40
6149 16
6150 79
6151 86
6152 3
6153 81
6154 37
6155 25
6156 96
6157 68
6158 36
6159 17
6160 11
6161 41
6162 1
6163 78
6164 86
6165 29
6166 64
6167 30
6168 90
6169 92
6170 30
6171 52
6172 60
6173 87
6174 28
6175 58
6176 16
6177 56
6178 74
6179 93
6180 29
6181 21
6182 73
6183 56
6184 75
6185 48
6186 82
6187 10
6188 84
6189 6
6190 24
6191 50
6192 23
6193 31
6194 62
6195 77
6196 89
6197 73
6198 9
6199 23
6200 59
6201 3
6202 86
6203 63
6204 45
6205 25
6206 77
6207 68
6208 35
6209 34
6210 35
6211 18
6212 47
6213 58
6214 76
6215 50
6216 23
6217 6
6218 44
6219 74
6220 83
6221 43
6222 3
6223 40
6224 14
6225 32
6226 83
6227 38
6228 44
6229 54
6230 52
6231 22
6232 16
6233 56
6234 12
6235 92
6236 48
6237 67
6238 11
6239 83
6240 78
6241 51
6242 65
6243 18
6244 95
6245 56
6246 92
6247 49
6248 65
6249 79
6250 74
6251 19
6252 98
6253 50
6254 89
6255 11
6256 47
6257 79
6258 26
6259 12
6260 75
6261 53
6262 3
6263 52
6264 81
6265 78
6266 12
6267 97
6268 84
6269 14
6270 81
6271 95
6272 7
6273 73
6274 25
6275 32
6276 28
6277 15
6278 45
6279 3
6280 83
6281 1
6282 2
6283 84
6284 88
6285 12
6286 24
6287 14
6288 21
6289 8
6290 24
6291 19
6292 36
6293 39
6294 8
6295 96
6296 13
6297 87
6298 12
6299 51
6300 46
6301 72
6302 80
6303 44
6304 50
6305 28
6306 95
6307 79
6308 13
6309 2
6310 14
6311 69
6312 78
6313 30
6314 27
6315 61
6316 25
6317 74
6318 21
6319 35
6320 35
6321 37
6322 83
6323 21
6324 72
6325 79
6326 97
6327 53
6328 76
6329 18
6330 65
6331 78
6332 81
6333 18
6334 9
6335 37
6336 74
6337 97
6338 89
6339 45
6340 99
6341 66
6342 2
6343 81
6344 50
6345 95
6346 37
6347 47
6348 75
6349 16
6350 34
6351 12
6352 73
6353 63
6354 7
6355 35
6356 11
6357 65
6358 66
6359 18
6360 32
6361 89
6362 81
6363 13
6364 77
6365 82
6366 51
6367 84
6368 83
6369 25
6370 88
6371 5
6372 20
6373 78
6374 23
6375 49
6376 4
6377 70
6378 52
6379 11
6380 8
6381 47
6382 59
6383 89
6384 14
6385 91
6386 47
6387 52
6388 76
6389 65
6390 78
6391 92
6392 57
6393 77
6394 82
6395 86
6396 89
6397 63
6398 91
6399 58
6400 39
6401 65
6402 3
6403 57
6404 22
6405 3
6406 19
6407 70
6408 72
6409 66
6410 91
6411 95
6412 23
6413 37
6414 50
6415 93
6416 67
6417 84
6418 71
6419 94
6420 22
6421 12
6422 89
6423 6
6424 82
6425 30
6426 82
6427 31
6428 80
6429 59
6430 41
6431 86
6432 13
6433 38
6434 65
6435 91
6436 10
6437 88
6438 0
6439 77
6440 74
6441 49
6442 67
6443 34
6444 15
6445 57
6446 65
6447 29
6448 31
6449 44
6450 71
6451 94
6452 2
6453 99
6454 3
6455 87
6456 60
6457 99
6458 95
6459 20
6460 93
6461 35
6462 1
6463 60
6464 53
6465 22
6466 30
6467 82
6468 31
6469 83
6470 6
6471 7
6472 94
6473 94
6474 2
6475 2
6476 48
6477 57
6478 44
6479 9
6480 80
6481 7
6482 81
6483 95
6484 52
6485 16
6486 47
6487 30
6488 57
6489 95
6490 64
6491 25
6492 42
6493 2
6494 45
6495 74
6496 87
6497 70
6498 22
6499 2
6500 65
6501 80
6502 3
6503 92
6504 84
6505 44
6506 74
6507 88
6508 67
6509 64
6510 98
6511 0
6512 76
6513 76
6514 29
6515 83
6516 7
6517 1
6518 74
6519 11
6520 68
6521 71
6522 18
6523 98
6524 37
6525 33
6526 27
6527 89
6528 43
6529 47
6530 93
6531 61
6532 61
6533 83
6534 90
6535 84
6536 95
6537 17
6538 81
6539 90
6540 31
6541 7
6542 31
6543 3
6544 99
6545 68
6546 12
6547 36
6548 39
6549 19
6550 92
6551 15
6552 62
6553 35
6554 49
6555 87
6556 23
6557 97
6558 17
6559 16
6560 96
6561 93
6562 7
6563 74
6564 81
6565 97
6566 45
6567 92
6568 28
6569 16
6570 38
6571 34
6572 66
6573 60
6574 92
6575 47
6576 13
6577 94
6578 92
6579 3
6580 21
6581 73
6582 16
6583 94
6584 43
6585 77
6586 21
6587 63
6588 55
6589 20
6590 55
6591 35
6592 44
6593 13
6594 58
6595 54
6596 78
6597 50
6598 88
6599 55
6600 13
6601 83
6602 90
6603 29
6604 50
6605 22
6606 38
6607 17
6608 47
6609 57
6610 25
6611 12
6612 11
6613 24
6614 42
6615 48
6616 45
6617 30
6618 0
6619 85
6620 86
6621 73
6622 43
6623 28
6624 0
6625 92
6626 0
6627 21
6628 97
6629 31
6630 70
6631 34
6632 18
6633 62
6634 61
6635 30
6636 22
6637 13
6638 37
6639 7
6640 8
6641 83
6642 5
6643 90
6644 73
6645 56
6646 56
6647 29
6648 48
6649 51
6650 9
6651 83
6652 94
6653 79
6654 44
6655 41
6656 23
6657 33
6658 12
6659 51
6660 2
6661 58
6662 90
6663 33
6664 72
6665 1
6666 19
6667 43
6668 8
6669 95
6670 86
6671 91
6672 15
6673 69
6674 43
6675 24
6676 8
6677 47
6678 55
6679 77
6680 21
6681 31
6682 8
6683 67
6684 23
6685 53
6686 25
6687 75
6688 57
6689 23
6690 86
6691 35
6692 25
6693 74
6694 33
6695 39
6696 23
6697 68
6698 68
6699 39
6700 84
6701 25
6702 57
6703 24
6704 58
6705 63
6706 66
6707 34
6708 21
6709 80
6710 2
6711 72
6712 85
6713 27
6714 0
6715 59
6716 50
6717 62
6718 7
6719 97
6720 10
6721 20
6722 37
6723 72
6724 41
6725 58
6726 37
6727 97
6728 12
6729 98
6730 69
6731 10
6732 56
6733 26
6734 69
6735 69
6736 85
6737 63
6738 36
6739 78
6740 12
6741 69
6742 5
6743 17
6744 5
6745 20
6746 62
6747 60
6748 85
6749 9
6750 55
6751 77
6752 48
6753 68
6754 41
6755 88
6756 74
6757 74
6758 78
6759 95
6760 86
6761 64
6762 78
6763 33
6764 66
6765 85
6766 85
6767 44
6768 14
6769 42
6770 5
6771 82
6772 81
6773 18
6774 18
6775 45
6776 12
6777 97
6778 2
6779 24
6780 86
6781 47
6782 84
6783 51
6784 23
6785 36
6786 94
6787 71
6788 16
6789 32
6790 94
6791 93
6792 16
6793 69
6794 22
6795 71
6796 27
6797 80
6798 30
6799 99
6800 64
6801 7
6802 89
6803 89
6804 76
6805 93
6806 68
6807 51
6808 35
6809 61
6810 35
6811 76
6812 9
6813 14
6814 95
6815 10
6816 12
6817 82
6818 3
6819 40
6820 83
6821 87
6822 15
6823 59
6824 61
6825 72
6826 85
6827 93
6828 76
6829 22
6830 43
6831 19
6832 17
6833 66
6834 63
6835 43
6836 51
6837 38
6838 7
6839 44
6840 79
6841 62
6842 94
6843 45
6844 71
6845 92
6846 28
6847 10
6848 0
6849 44
6850 95
6851 37
6852 88
6853 49
6854 35
6855 41
6856 39
6857 30
6858 28
6859 24
6860 60
6861 37
6862 41
6863 42
6864 6
6865 37
6866 89
6867 86
6868 54
6869 94
6870 92
6871 34
6872 4
6873 55
6874 56
6875 18
6876 49
6877 96
6878 54
6879 11
6880 68
6881 51
6882 55
6883 38
6884 45
6885 30
6886 98
6887 61
6888 36
6889 67
6890 35
6891 14
6892 41
6893 57
6894 21
6895 14
6896 20
6897 73
6898 65
6899 90
6900 43
6901 60
6902 85
6903 35
6904 54
6905 84
6906 1
6907 31
6908 98
6909 82
6910 75
6911 41
6912 24
6913 66
6914 87
6915 0
6916 90
6917 11
6918 17
6919 32
6920 34
6921 74
6922 77
6923 35
6924 30
6925 48
6926 78
6927 66
6928 45
6929 10
6930 98
6931 10
6932 23
6933 71
6934 81
6935 96
6936 86
6937 89
6938 90
6939 76
6940 98
6941 88
6942 66
6943 80
6944 44
6945 45
6946 1
6947 21
6948 37
6949 33
6950 7
6951 6
6952 63
6953 24
6954 8
6955 7
6956 42
6957 57
6958 53
6959 8
6960 19
6961 49
6962 5
6963 63
6964 10
6965 3
6966 60
6967 62
6968 49
6969 40
6970 74
6971 34
6972 20
6973 89
6974 28
6975 76
6976 52
6977 31
6978 24
6979 33
6980 51
6981 15
6982 58
6983 37
6984 84
6985 22
6986 80
6987 39
6988 78
6989 84
6990 4
6991 60
6992 21
6993 53
6994 34
6995 26
6996 17
6997 4
6998 67
6999 47
7000 65
7001 94
7002 19
7003 36
7004 23
7005 86
7006 72
7007 82
7008 9
7009 66
7010 42
7011 20
7012 49
7013 95
7014 19
7015 80
7016 87
7017 72
7018 89
7019 5
7020 34
7021 86
7022 99
7023 96
7024 79
7025 78
7026 19
7027 71
7028 73
7029 45
7030 11
7031 50
7032 52
7033 76
7034 68
7035 49
7036 73
7037 20
7038 31
7039 15
7040 44
7041 31
7042 52
7043 55
7044 27
7045 99
7046 17
7047 7
7048 26
7049 75
7050 43
7051 39
7052 34
7053 94
7054 43
7055 27
7056 7
7057 20
7058 48
7059 16
7060 54
7061 4
7062 94
7063 77
7064 62
7065 93
7066 16
7067 81
7068 89
7069 0
7070 91
7071 51
7072 96
7073 9
7074 59
7075 67
7076 10
7077 34
7078 94
7079 51
7080 70
7081 48
7082 53
7083 61
7084 81
7085 64
7086 17
7087 93
7088 64
7089 96
7090 66
7091 99
7092 51
7093 70
7094 65
7095 5
7096 51
7097 59
7098 20
7099 22
7100 8
7101 74
7102 50
7103 29
7104 90
7105 75
7106 80
7107 34
7108 28
7109 0
7110 73
7111 76
7112 82
7113 71
7114 53
7115 17
7116 49
7117 52
7118 58
7119 93
7120 40
7121 43
7122 0
7123 89
7124 59
7125 69
7126 95
7127 59
7128 66
7129 59
7130 25
7131 95
7132 87
7133 5
7134 4
7135 95
7136 34
7137 9
7138 87
7139 94
7140 17
7141 41
7142 47
7143 70
7144 25
7145 53
7146 40
7147 58
7148 80
7149 12
7150 48
7151 36
7152 66
7153 45
7154 5
7155 7
7156 88
7157 25
7158 78
7159 20
7160 65
7161 30
7162 25
7163 50
7164 16
7165 92
7166 51
7167 62
7168 40
7169 38
7170 65
7171 90
7172 46
7173 4
7174 97
7175 65
7176 87
7177 34
7178 48
7179 30
7180 23
7181 17
7182 35
7183 11
7184 49
7185 86
7186 41
7187 83
7188 1
7189 33
7190 66
7191 57
7192 58
7193 67
7194 38
7195 65
7196 66
7197 98
7198 30
7199 98
7200 74
7201 97
7202 97
7203 34
7204 65
7205 36
7206 29
7207 78
7208 39
7209 99
7210 33
7211 4
7212 90
7213 11
7214 86
7215 92
7216 31
7217 26
7218 72
7219 33
7220 81
7221 71
7222 10
7223 79
7224 72
7225 58
7226 17
7227 85
7228 57
7229 14
7230 76
7231 37
7232 28
7233 19
7234 83
7235 98
7236 83
7237 0
7238 39
7239 85
7240 13
7241 30
7242 99
7243 16
7244 33
7245 82
7246 53
7247 59
7248 77
7249 99
7250 90
7251 65
7252 15
7253 23
7254 48
7255 23
7256 43
7257 43
7258 76
7259 83
7260 56
7261 46
7262 5
7263 20
7264 17
7265 51
7266 70
7267 30
7268 71
7269 17
7270 4
7271 9
7272 5
7273 68
7274 36
7275 43
7276 60
7277 55
7278 67
7279 53
7280 86
7281 49
7282 62
7283 2
7284 9
7285 39
7286 3
7287 55
7288 34
7289 93
7290 48
7291 39
7292 90
7293 26
7294 23
7295 54
7296 4
7297 90
7298 15
7299 94
7300 81
7301 34
7302 98
7303 42
7304 5
7305 17
7306 90
7307 97
7308 59
7309 26
7310 66
7311 47
7312 19
7313 69
7314 8
7315 38
7316 29
7317 10
7318 7
7319 4
7320 75
7321 22
7322 65
7323 53
7324 99
7325 46
7326 58
7327 4
7328 46
7329 51
7330 76
7331 36
7332 5
7333 15
7334 30
7335 89
7336 48
7337 60
7338 54
7339 51
7340 59
7341 0
7342 36
7343 48
7344 70
7345 91
7346 1
7347 20
7348 60
7349 78
7350 60
7351 19
7352 29
7353 18
7354 62
7355 81
7356 98
7357 20
7358 22
7359 0
7360 64
7361 53
7362 18
7363 73
7364 47
7365 60
7366 8
7367 35
7368 0
7369 4
7370 91
7371 83
7372 13
7373 72
7374 83
7375 20
7376 43
7377 75
7378 84
7379 43
7380 98
7381 62
7382 4
7383 45
7384 87
7385 1
7386 12
7387 91
7388 77
7389 71
7390 91
7391 80
7392 47
7393 33
7394 55
7395 15
7396 21
7397 46
7398 32
7399 42
7400 53
7401 51
7402 69
7403 47
7404 3
7405 21
7406 32
7407 38
7408 64
7409 46
7410 30
7411 86
7412 60
7413 14
7414 26
7415 39
7416 78
7417 4
7418 75
7419 49
7420 17
7421 42
7422 17
7423 47
7424 70
7425 89
7426 8
7427 96
7428 82
7429 96
7430 7
7431 65
7432 62
7433 95
7434 39
7435 73
7436 71
7437 36
7438 43
7439 58
7440 19
7441 40
7442 6
7443 60
7444 27
7445 99
7446 84
7447 90
7448 19
7449 87
7450 87
7451 29
7452 39
7453 30
7454 58
7455 62
7456 43
7457 39
7458 93
7459 49
7460 76
7461 68
7462 84
7463 97
7464 94
7465 42
7466 19
7467 88
7468 80
7469 63
7470 64
7471 24
7472 11
7473 81
7474 80
7475 89
7476 1
7477 0
7478 61
7479 85
7480 73
7481 62
7482 56
7483 46
7484 69
7485 48
7486 40
7487 55
7488 86
7489 14
7490 34
7491 92
7492 13
7493 75
7494 24
7495 35
7496 9
7497 52
7498 18
7499 61
7500 94
7501 80
7502 95
7503 84
7504 49
7505 84
7506 42
7507 12
7508 0
7509 45
7510 44
7511 85
7512 46
7513 57
7514 0
7515 17
7516 33
7517 14
7518 39
7519 60
7520 22
7521 72
7522 98
7523 41
7524 70
7525 28
7526 87
7527 81
7528 62
7529 15
7530 77
7531 77
7532 84
7533 95
7534 90
7535 50
7536 54
7537 83
7538 51
7539 13
7540 68
7541 68
7542 22
7543 34
7544 2
7545 95
7546 0
7547 46
7548 81
7549 57
7550 91
7551 80
7552 4
7553 33
7554 60
7555 59
7556 16
7557 0
7558 51
7559 52
7560 36
7561 42
7562 35
7563 34
7564 62
7565 68
7566 75
7567 63
7568 96
7569 79
7570 17
7571 72
7572 13
7573 81
7574 18
7575 86
7576 5
7577 5
7578 79
7579 30
7580 27
7581 55
7582 25
7583 74
7584 61
7585 49
7586 85
7587 14
7588 63
7589 21
7590 46
7591 32
7592 92
7593 86
7594 26
7595 65
7596 38
7597 63
7598 94
7599 4
7600 55
7601 20
7602 91
7603 43
7604 70
7605 85
7606 39
7607 67
7608 83
7609 54
7610 10
7611 98
7612 21
7613 0
7614 18
7615 70
7616 70
7617 89
7618 42
7619 73
7620 45
7621 94
7622 24
7623 34
7624 50
7625 90
7626 95
7627 83
7628 1
7629 18
7630 83
7631 8
7632 8
7633 0
7634 95
7635 60
7636 93
7637 96
7638 54
7639 54
7640 24
7641 1
7642 46
7643 66
7644 42
7645 77
7646 88
7647 3
7648 57
7649 55
7650 44
7651 18
7652 12
7653 39
7654 46
7655 98
7656 93
7657 55
7658 42
7659 56
7660 26
7661 44
7662 64
7663 22
7664 33
7665 87
7666 71
7667 62
7668 64
7669 4
7670 94
7671 80
7672 88
7673 88
7674 74
7675 26
7676 22
7677 80
7678 91
7679 76
7680 15
7681 20
7682 5
7683 85
7684 63
7685 57
7686 0
7687 9
7688 95
7689 36
7690 87
7691 99
7692 8
7693 52
7694 65
7695 78
7696 50
7697 78
7698 52
7699 50
7700 34
7701 47
7702 86
7703 67
7704 52
7705 39
7706 98
7707 52
7708 82
7709 46
7710 65
7711 48
7712 55
7713 94
7714 29
7715 31
7716 92
7717 25
7718 36
7719 40
7720 76
7721 62
7722 67
7723 4
7724 17
7725 98
7726 71
7727 93
7728 81
7729 67
7730 66
7731 60
7732 86
7733 19
7734 99
7735 81
7736 73
7737 99
7738 43
7739 36
7740 12
7741 19
7742 83
7743 47
7744 79
7745 11
7746 21
7747 25
7748 68
7749 15
7750 36
7751 22
7752 79
7753 84
7754 53
7755 80
7756 83
7757 56
7758 89
7759 91
7760 31
7761 55
7762 56
7763 73
7764 23
7765 2
7766 24
7767 15
7768 83
7769 91
7770 85
7771 46
7772 56
7773 31
7774 36
7775 11
7776 76
7777 44
7778 26
7779 64
7780 30
7781 29
7782 0
7783 35
7784 78
7785 41
7786 92
7787 25
7788 98
7789 20
7790 48
7791 58
7792 3
7793 75
7794 33
7795 35
7796 80
7797 16
7798 75
7799 96
7800 3
7801 96
7802 8
7803 15
7804 41
7805 16
7806 46
7807 42
7808 45
7809 45
7810 89
7811 10
7812 21
7813 77
7814 66
7815 33
7816 4
7817 59
7818 76
7819 30
7820 55
7821 25
7822 20
7823 15
7824 31
7825 38
7826 47
7827 18
7828 66
7829 3
7830 19
7831 11
7832 87
7833 63
7834 84
7835 43
7836 13
7837 48
7838 97
7839 3
7840 44
7841 8
7842 40
7843 62
7844 30
7845 58
7846 43
7847 81
7848 98
7849 70
7850 32
7851 93
7852 98
7853 96
7854 65
7855 18
7856 40
7857 17
7858 88
7859 94
7860 23
7861 28
7862 27
7863 70
7864 85
7865 45
7866 80
7867 38
7868 11
7869 96
7870 93
7871 24
7872 63
7873 60
7874 11
7875 41
7876 75
7877 86
7878 81
7879 27
7880 93
7881 57
7882 47
7883 70
7884 11
7885 22
7886 3
7887 82
7888 31
7889 46
7890 11
7891 38
7892 18
7893 12
7894 50
7895 85
7896 38
7897 48
7898 85
7899 73
7900 62
7901 19
7902 44
7903 43
7904 17
7905 72
7906 67
7907 9
7908 0
7909 28
7910 60
7911 97
7912 17
7913 25
7914 3
7915 46
7916 18
7917 55
7918 11
7919 33
7920 93
7921 44
7922 85
7923 59
7924 54
7925 86
7926 26
7927 75
7928 93
7929 25
7930 68
7931 69
7932 0
7933 66
7934 72
7935 69
7936 77
7937 0
7938 72
7939 10
7940 2
7941 72
7942 4
7943 10
7944 20
7945 98
7946 52
7947 33
7948 22
7949 30
7950 41
7951 82
7952 39
7953 71
7954 65
7955 50
7956 11
7957 68
7958 1
7959 97
7960 43
7961 74
7962 60
7963 8
7964 9
7965 23
7966 48
7967 66
7968 11
7969 50
7970 74
7971 31
7972 83
7973 21
7974 22
7975 28
7976 31
7977 36
7978 4
7979 89
7980 58
7981 19
7982 69
7983 27
7984 60
7985 0
7986 94
7987 69
7988 6
7989 74
7990 86
7991 6
7992 95
7993 79
7994 57
7995 64
7996 95
7997 66
7998 46
7999 69
8000 59
8001 66
8002 17
8003 1
8004 24
8005 7
8006 72
8007 19
8008 35
8009 83
8010 48
8011 70
8012 76
8013 1
8014 66
8015 74
8016 19
8017 25
8018 26
8019 41
8020 83
8021 40
8022 34
8023 33
8024 65
8025 63
8026 49
8027 65
8028 80
8029 51
8030 33
8031 20
8032 31
8033 45
8034 79
8035 98
8036 86
8037 37
8038 51
8039 51
8040 78
8041 37
8042 93
8043 96
8044 48
8045 62
8046 95
8047 91
8048 56
8049 81
8050 77
8051 85
8052 27
8053 82
8054 41
8055 90
8056 86
8057 71
8058 82
8059 76
8060 18
8061 23
8062 72
8063 31
8064 30
8065 74
8066 30
8067 95
8068 36
8069 56
8070 10
8071 17
8072 95
8073 43
8074 38
8075 54
8076 0
8077 17
8078 29
8079 83
8080 22
8081 98
8082 96
8083 69
8084 2
8085 76
8086 73
8087 9
8088 58
8089 81
8090 32
8091 8
8092 47
8093 56
8094 57
8095 73
8096 99
8097 98
8098 25
8099 25
8100 2
8101 44
8102 97
8103 73
8104 65
8105 19
8106 64
8107 16
8108 72
8109 59
8110 99
8111 88
8112 45
8113 82
8114 70
8115 88
8116 14
8117 59
8118 23
8119 87
8120 9
8121 33
8122 15
8123 55
8124 53
8125 7
8126 75
8127 86
8128 94
8129 5
8130 10
8131 72
8132 40
8133 30
8134 14
8135 6
8136 90
8137 94
8138 52
8139 85
8140 94
8141 34
8142 66
8143 7
8144 9
8145 8
8146 40
8147 67
8148 0
8149 62
8150 80
8151 78
8152 91
8153 91
8154 12
8155 51
8156 65
8157 8
8158 86
8159 18
8160 81
8161 43
8162 63
8163 83
8164 44
8165 36
8166 18
8167 35
8168 98
8169 85
8170 27
8171 71
8172 99
8173 39
8174 17
8175 51
8176 69
8177 55
8178 58
8179 89
8180 40
8181 64
8182 41
8183 92
8184 91
8185 23
8186 33
8187 54
8188 76
8189 77
8190 33
8191 86
8192 61
8193 57
8194 52
8195 14
8196 68
8197 42
8198 25
8199 21
8200 74
8201 89
8202 24
8203 87
8204 52
8205 44
8206 84
8207 18
8208 82
8209 53
8210 58
8211 47
8212 97
8213 71
8214 31
8215 30
8216 78
8217 10
8218 89
8219 60
8220 88
8221 49
8222 75
8223 69
8224 15
8225 57
8226 25
8227 92
8228 73
8229 81
8230 57
8231 18
8232 9
8233 3
8234 85
8235 66
8236 10
8237 41
8238 95
8239 92
8240 73
8241 62
8242 55
8243 25
8244 80
8245 22
8246 60
8247 40
8248 65
8249 78
8250 4
8251 31
8252 81
8253 43
8254 48
8255 13
8256 80
8257 2
8258 22
8259 8
8260 12
8261 56
8262 7
8263 38
8264 88
8265 72
8266 72
8267 16
8268 0
8269 20
8270 38
8271 67
8272 13
8273 69
8274 70
8275 1
8276 31
8277 18
8278 98
8279 96
8280 4
8281 56
8282 41
8283 59
8284 7
8285 42
8286 46
8287 73
8288 42
8289 18
8290 9
8291 32
8292 23
8293 80
8294 23
8295 46
8296 85
8297 57
8298 14
8299 86
8300 28
8301 65
8302 65
8303 0
8304 35
8305 23
8306 81
8307 70
8308 40
8309 77
8310 78
8311 7
8312 0
8313 62
8314 61
8315 51
8316 11
8317 11
8318 30
8319 76
8320 64
8321 35
8322 40
8323 51
8324 56
8325 44
8326 28
8327 77
8328 96
8329 33
8330 73
8331 64
8332 13
8333 76
8334 6
8335 85
8336 68
8337 78
8338 92
8339 6
8340 85
8341 13
8342 25
8343 49
8344 55
8345 6
8346 2
8347 34
8348 74
8349 26
8350 64
8351 7
8352 29
8353 52
8354 48
8355 41
8356 28
8357 13
8358 62
8359 85
8360 93
8361 4
8362 39
8363 1
8364 42
8365 23
8366 21
8367 50
8368 96
8369 76
8370 40
8371 31
8372 89
8373 42
8374 4
8375 17
8376 31
8377 26
8378 83
8379 92
8380 84
8381 42
8382 71
8383 20
8384 18
8385 29
8386 52
8387 51
8388 97
8389 38
8390 39
8391 4
8392 3
8393 56
8394 44
8395 57
8396 52
8397 15
8398 69
8399 87
8400 42
8401 44
8402 12
8403 26
8404 15
8405 12
8406 4
8407 11
8408 45
8409 46
8410 37
8411 29
8412 31
8413 71
8414 17
8415 82
8416 3
8417 94
8418 96
8419 22
8420 58
8421 0
8422 44
8423 50
8424 13
8425 21
8426 11
8427 71
8428 39
8429 99
8430 2
8431 99
8432 83
8433 24
8434 99
8435 54
8436 78
8437 57
8438 35
8439 40
8440 84
8441 57
8442 68
8443 46
8444 23
8445 2
8446 24
8447 26
8448 71
8449 89
8450 12
8451 29
8452 77
8453 79
8454 45
8455 33
8456 94
8457 77
8458 18
8459 63
8460 89
8461 86
8462 89
8463 76
8464 80
8465 25
8466 70
8467 16
8468 81
8469 75
8470 58
8471 54
8472 46
8473 27
8474 25
8475 58
8476 36
8477 29
8478 95
8479 48
8480 73
8481 32
8482 4
8483 44
8484 37
8485 46
8486 34
8487 7
8488 62
8489 65
8490 90
8491 49
8492 32
8493 95
8494 64
8495 94
8496 42
8497 95
8498 67
8499 28
8500 80
8501 36
8502 37
8503 99
8504 8
8505 32
8506 17
8507 22
8508 80
8509 17
8510 83
8511 13
8512 98
8513 5
8514 61
8515 27
8516 14
8517 78
8518 92
8519 32
8520 53
8521 37
8522 23
8523 93
8524 32
8525 32
8526 91
8527 44
8528 10
8529 27
8530 35
8531 24
8532 71
8533 11
8534 16
8535 2
8536 14
8537 16
8538 34
8539 2
8540 95
8541 87
8542 66
8543 97
8544 65
8545 68
8546 95
8547 45
8548 79
8549 2
8550 77
8551 75
8552 26
8553 22
8554 19
8555 79
8556 85
8557 86
8558 64
8559 76
8560 66
8561 86
8562 69
8563 87
8564 6
8565 27
8566 22
8567 73
8568 97
8569 72
8570 9
8571 49
8572 70
8573 25
8574 60
8575 45
8576 52
8577 2
8578 0
8579 6
8580 23
8581 63
8582 40
8583 24
8584 96
8585 29
8586 60
8587 5
8588 58
8589 51
8590 31
8591 79
8592 69
8593 57
8594 87
8595 97
8596 31
8597 42
8598 92
8599 38
8600 17
8601 51
8602 97
8603 15
8604 87
8605 20
8606 53
8607 64
8608 42
8609 68
8610 44
8611 35
8612 11
8613 12
8614 68
8615 33
8616 84
8617 61
8618 1
8619 7
8620 44
8621 77
8622 35
8623 79
8624 16
8625 25
8626 30
8627 15
8628 45
8629 58
8630 24
8631 96
8632 27
8633 94
8634 80
8635 82
8636 93
8637 27
8638 62
8639 30
8640 93
8641 98
8642 75
8643 52
8644 51
8645 32
8646 42
8647 92
8648 98
8649 61
8650 83
8651 5
8652 40
8653 41
8654 86
8655 64
8656 30
8657 75
8658 88
8659 80
8660 94
8661 45
8662 60
8663 1
8664 65
8665 90
8666 97
8667 26
8668 93
8669 47
8670 17
8671 31
8672 40
8673 12
8674 61
8675 0
8676 4
8677 70
8678 36
8679 18
8680 38
8681 86
8682 83
8683 77
8684 63
8685 50
8686 62
8687 35
8688 61
8689 19
8690 47
8691 44
8692 81
8693 98
8694 81
8695 65
8696 74
8697 62
8698 1
8699 0
8700 68
8701 45
8702 71
8703 26
8704 15
8705 53
8706 50
8707 78
8708 1
8709 12
8710 23
8711 78
8712 22
8713 99
8714 74
8715 53
8716 73
8717 59
8718 25
8719 81
8720 33
8721 48
8722 67
8723 20
8724 6
8725 14
8726 39
8727 95
8728 38
8729 70
8730 38
8731 43
8732 24
8733 81
8734 31
8735 33
8736 93
8737 54
8738 59
8739 8
8740 1
8741 70
8742 21
8743 29
8744 42
8745 92
8746 27
8747 40
8748 35
8749 23
8750 67
8751 79
8752 96
8753 9
8754 74
8755 64
8756 29
8757 2
8758 9
8759 42
8760 51
8761 47
8762 54
8763 15
8764 58
8765 72
8766 21
8767 42
8768 70
8769 24
8770 85
8771 27
8772 62
8773 5
8774 56
8775 91
8776 44
8777 28
8778 22
8779 65
8780 2
8781 70
8782 86
8783 17
8784 13
8785 4
8786 93
8787 74
8788 58
8789 8
8790 65
8791 90
8792 11
8793 55
8794 27
8795 55
8796 52
8797 82
8798 60
8799 55
8800 57
8801 68
8802 42
8803 3
8804 43
8805 62
8806 51
8807 36
8808 30
8809 15
8810 95
8811 51
8812 19
8813 99
8814 79
8815 48
8816 74
8817 21
8818 93
8819 21
8820 61
8821 71
8822 83
8823 55
8824 31
8825 72
8826 16
8827 70
8828 96
8829 26
8830 75
8831 45
8832 3
8833 18
8834 20
8835 76
8836 34
8837 45
8838 43
8839 9
8840 86
8841 0
8842 3
8843 14
8844 55
8845 3
8846 62
8847 63
8848 25
8849 82
8850 59
8851 4
8852 8
8853 5
8854 70
8855 23
8856 86
8857 93
8858 50
8859 37
8860 31
8861 12
8862 36
8863 43
8864 45
8865 6
8866 76
8867 20
8868 1
8869 3
8870 21
8871 74
8872 41
8873 89
8874 21
8875 80
8876 64
8877 20
8878 19
8879 90
8880 34
8881 22
8882 97
8883 22
8884 31
8885 0
8886 14
8887 2
8888 75
8889 71
8890 29
8891 45
8892 19
8893 1
8894 8
8895 56
8896 77
8897 46
8898 45
8899 39
8900 63
8901 52
8902 92
8903 79
8904 40
8905 91
8906 56
8907 38
8908 64
8909 3
8910 70
8911 20
8912 74
8913 89
8914 53
8915 87
8916 15
8917 56
8918 63
8919 4
8920 18
8921 67
8922 55
8923 49
8924 34
8925 89
8926 41
8927 0
8928 52
8929 51
8930 74
8931 79
8932 97
8933 12
8934 70
8935 54
8936 52
8937 94
8938 93
8939 7
8940 44
8941 21
8942 72
8943 60
8944 31
8945 72
8946 66
8947 40
8948 9
8949 34
8950 28
8951 55
8952 65
8953 39
8954 86
8955 59
8956 89
8957 24
8958 78
8959 62
8960 0
8961 73
8962 85
8963 70
8964 61
8965 81
8966 94
8967 24
8968 98
8969 52
8970 62
8971 37
8972 99
8973 83
8974 35
8975 2
8976 44
8977 51
8978 41
8979 15
8980 65
8981 39
8982 8
8983 20
8984 44
8985 47
8986 21
8987 46
8988 74
8989 36
8990 83
8991 92
8992 82
8993 65
8994 65
8995 91
8996 43
8997 21
8998 62
8999 61
9000 3
9001 13
9002 30
9003 30
9004 82
9005 84
9006 71
9007 29
9008 61
9009 76
9010 47
9011 11
9012 3
9013 22
9014 43
9015 64
9016 25
9017 87
9018 2
9019 76
9020 29
9021 4
9022 9
9023 11
9024 55
9025 74
9026 74
9027 64
9028 40
9029 80
9030 2
9031 45
9032 79
9033 60
9034 21
9035 83
9036 93
9037 81
9038 66
9039 37
9040 25
9041 67
9042 44
9043 99
9044 97
9045 10
9046 96
9047 33
9048 10
9049 47
9050 46
9051 73
9052 37
9053 38
9054 72
9055 53
9056 77
9057 50
9058 82
9059 64
9060 57
9061 31
9062 59
9063 61
9064 25
9065 83
9066 59
9067 66
9068 79
9069 89
9070 72
9071 85
9072 88
9073 39
9074 29
9075 46
9076 91
9077 65
9078 48
9079 58
9080 55
9081 93
9082 99
9083 1
9084 44
9085 89
9086 68
9087 21
9088 26
9089 88
9090 34
9091 65
9092 36
9093 40
9094 10
9095 20
9096 59
9097 76
9098 34
9099 16
9100 71
9101 8
9102 33
9103 72
9104 41
9105 60
9106 15
9107 72
9108 35
9109 57
9110 31
9111 89
9112 2
9113 74
9114 19
9115 74
9116 5
9117 92
9118 1
9119 84
9120 48
9121 93
9122 33
9123 2
9124 2
9125 61
9126 5
9127 1
9128 69
9129 52
9130 96
9131 57
9132 40
9133 67
9134 29
9135 36
9136 78
9137 19
9138 25
9139 26
9140 49
9141 75
9142 79
9143 49
9144 56
9145 57
9146 79
9147 92
9148 53
9149 18
9150 44
9151 80
9152 30
9153 68
9154 54
9155 63
9156 41
9157 48
9158 30
9159 16
9160 97
9161 94
9162 75
9163 52
9164 79
9165 4
9166 49
9167 77
9168 79
9169 34
9170 19
9171 91
9172 13
9173 54
9174 5
9175 17
9176 70
9177 83
9178 99
9179 95
9180 91
9181 65
9182 23
9183 61
9184 97
9185 27
9186 81
9187 8
9188 5
9189 5
9190 99
9191 12
9192 36
9193 25
9194 21
9195 70
9196 8
9197 56
9198 81
9199 11
9200 22
9201 76
9202 46
9203 10
9204 77
9205 27
9206 2
9207 34
9208 61
9209 53
9210 3
9211 57
9212 15
9213 69
9214 24
9215 50
9216 39
9217 35
9218 68
9219 4
9220 30
9221 43
9222 70
9223 83
9224 65
9225 98
9226 75
9227 85
9228 10
9229 91
9230 43
9231 44
9232 16
9233 23
9234 11
9235 41
9236 3
9237 12
9238 74
9239 34
9240 57
9241 32
9242 96
9243 84
9244 59
9245 41
9246 29
9247 34
9248 51
9249 75
9250 25
9251 93
9252 92
9253 83
9254 79
9255 16
9256 0
9257 24
9258 59
9259 0
9260 86
9261 51
9262 21
9263 68
9264 65
9265 33
9266 83
9267 36
9268 28
9269 8
9270 85
9271 1
9272 59
9273 84
9274 73
9275 59
9276 61
9277 23
9278 72
9279 70
9280 14
9281 33
9282 32
9283 86
9284 84
9285 65
9286 12
9287 62
9288 75
9289 11
9290 96
9291 90
9292 35
9293 26
9294 44
9295 94
9296 49
9297 48
9298 11
9299 40
9300 48
9301 34
9302 40
9303 48
9304 32
9305 30
9306 45
9307 94
9308 61
9309 79
9310 25
9311 31
9312 87
9313 14
9314 74
9315 72
9316 13
9317 95
9318 91
9319 25
9320 43
9321 38
9322 53
9323 77
9324 67
9325 58
9326 79
9327 95
9328 37
9329 20
9330 82
9331 26
9332 37
9333 75
9334 81
9335 29
9336 25
9337 32
9338 3
9339 20
9340 18
9341 4
9342 7
9343 60
9344 32
9345 81
9346 4
9347 67
9348 27
9349 11
9350 92
9351 87
9352 7
9353 50
9354 10
9355 25
9356 28
9357 55
9358 53
9359 82
9360 21
9361 65
9362 86
9363 39
9364 83
9365 69
9366 25
9367 62
9368 11
9369 97
9370 88
9371 90
9372 57
9373 62
9374 15
9375 63
9376 62
9377 19
9378 28
9379 71
9380 69
9381 75
9382 79
9383 47
9384 75
9385 77
9386 50
9387 63
9388 63
9389 48
9390 99
9391 9
9392 77
9393 36
9394 24
9395 86
9396 50
9397 6
9398 4
9399 93
9400 51
9401 13
9402 5
9403 22
9404 38
9405 44
9406 84
9407 22
9408 11
9409 24
9410 20
9411 67
9412 49
9413 89
9414 76
9415 90
9416 38
9417 80
9418 80
9419 35
9420 95
9421 62
9422 26
9423 93
9424 50
9425 25
9426 26
9427 27
9428 69
9429 62
9430 53
9431 73
9432 90
9433 9
9434 48
9435 50
9436 48
9437 56
9438 71
9439 27
9440 38
9441 20
9442 54
9443 29
9444 44
9445 40
9446 52
9447 86
9448 71
9449 23
9450 73
9451 63
9452 34
9453 12
9454 16
9455 66
9456 63
9457 94
9458 4
9459 12
9460 49
9461 51
9462 5
9463 67
9464 70
9465 32
9466 61
9467 13
9468 27
9469 29
9470 66
9471 45
9472 41
9473 91
9474 73
9475 69
9476 31
9477 67
9478 39
9479 1
9480 68
9481 65
9482 35
9483 56
9484 5
9485 29
9486 48
9487 50
9488 56
9489 21
9490 23
9491 31
9492 17
9493 8
9494 26
9495 81
9496 73
9497 60
9498 12
9499 66
9500 4
9501 56
9502 20
9503 5
9504 13
9505 55
9506 67
9507 1
9508 30
9509 50
9510 69
9511 47
9512 92
9513 86
9514 1
9515 20
9516 13
9517 7
9518 38
9519 59
9520 41
9521 80
9522 5
9523 93
9524 81
9525 91
9526 57
9527 26
9528 86
9529 32
9530 4
9531 8
9532 73
9533 52
9534 9
9535 9
9536 10
9537 43
9538 92
9539 28
9540 82
9541 31
9542 43
9543 50
9544 53
9545 25
9546 48
9547 17
9548 15
9549 81
9550 15
9551 19
9552 93
9553 43
9554 49
9555 27
9556 19
9557 10
9558 2
9559 89
9560 95
9561 8
9562 4
9563 50
9564 87
9565 43
9566 15
9567 72
9568 49
9569 23
9570 3
9571 62
9572 54
9573 54
9574 15
9575 41
9576 16
9577 56
9578 46
9579 24
9580 36
9581 19
9582 17
9583 23
9584 53
9585 5
9586 81
9587 12
9588 90
9589 85
9590 24
9591 50
9592 0
9593 50
9594 97
9595 92
9596 75
9597 73
9598 36
9599 85
9600 34
9601 30
9602 19
9603 65
9604 59
9605 35
9606 15
9607 78
9608 27
9609 83
9610 16
9611 43
9612 98
9613 48
9614 10
9615 6
9616 72
9617 35
9618 32
9619 32
9620 75
9621 24
9622 75
9623 5
9624 57
9625 31
9626 68
9627 37
9628 88
9629 40
9630 17
9631 98
9632 99
9633 36
9634 4
9635 11
9636 10
9637 49
9638 79
9639 86
9640 67
9641 56
9642 34
9643 12
9644 73
9645 6
9646 36
9647 41
9648 63
9649 55
9650 32
9651 51
9652 39
9653 27
9654 47
9655 27
9656 44
9657 69
9658 8
9659 24
9660 69
9661 62
9662 14
9663 40
9664 86
9665 40
9666 87
9667 79
9668 98
9669 53
9670 25
9671 30
9672 33
9673 23
9674 38
9675 60
9676 72
9677 11
9678 82
9679 67
9680 92
9681 40
9682 39
9683 18
9684 20
9685 17
9686 50
9687 47
9688 51
9689 81
9690 43
9691 87
9692 46
9693 58
9694 72
9695 49
9696 36
9697 75
9698 92
9699 69
9700 86
9701 27
9702 33
9703 7
9704 41
9705 95
9706 80
9707 73
9708 49
9709 60
9710 80
9711 40
9712 87
9713 47
9714 84
9715 93
9716 42
9717 96
9718 17
9719 57
9720 1
9721 71
9722 91
9723 40
9724 56
9725 61
9726 37
9727 41
9728 20
9729 57
9730 1
9731 44
9732 43
9733 37
9734 66
9735 65
9736 53
9737 44
9738 90
9739 95
9740 31
9741 57
9742 23
9743 5
9744 70
9745 63
9746 49
9747 6
9748 55
9749 21
9750 25
9751 46
9752 87
9753 34
9754 41
9755 88
9756 84
9757 54
9758 88
9759 92
9760 80
9761 40
9762 45
9763 90
9764 89
9765 35
9766 8
9767 46
9768 36
9769 21
9770 69
9771 49
9772 79
9773 55
9774 17
9775 1
9776 21
9777 83
9778 65
9779 27
9780 93
9781 13
9782 56
9783 52
9784 40
9785 92
9786 62
9787 57
9788 35
9789 32
9790 99
9791 56
9792 4
9793 11
9794 11
9795 15
9796 73
9797 67
9798 29
9799 57
9800 34
9801 7
9802 9
9803 82
9804 67
9805 35
9806 47
9807 78
9808 62
9809 14
9810 35
9811 76
9812 72
9813 83
9814 66
9815 48
9816 22
9817 48
9818 28
9819 59
9820 30
9821 85
9822 17
9823 98
9824 26
9825 2
9826 80
9827 58
9828 76
9829 23
9830 74
9831 61
9832 79
9833 76
9834 32
9835 40
9836 93
9837 1
9838 77
9839 57
9840 68
9841 99
9842 85
9843 47
9844 91
9845 90
9846 93
9847 44
9848 39
9849 72
9850 79
9851 73
9852 23
9853 12
9854 76
9855 59
9856 45
9857 32
9858 93
9859 32
9860 32
9861 1
9862 82
9863 98
9864 14
9865 95
9866 64
9867 63
9868 4
9869 6
9870 67
9871 98
9872 1
9873 70
9874 38
9875 66
9876 83
9877 20
9878 84
9879 20
9880 89
9881 10
9882 98
9883 56
9884 50
9885 57
9886 27
9887 44
9888 75
9889 64
9890 30
9891 91
9892 83
9893 0
9894 19
9895 28
9896 53
9897 45
9898 23
9899 7
9900 63
9901 98
9902 26
9903 3
9904 69
9905 23
9906 13
9907 61
9908 70
9909 88
9910 45
9911 84
9912 19
9913 13
9914 18
9915 75
9916 91
9917 67
9918 1
9919 32
9920 17
9921 2
9922 29
9923 19
9924 53
9925 35
9926 50
9927 0
9928 55
9929 62
9930 40
9931 93
9932 22
9933 96
9934 76
9935 38
9936 16
9937 22
9938 49
9939 76
9940 52
9941 72
9942 20
9943 50
9944 24
9945 96
9946 54
9947 70
9948 74
9949 81
9950 87
9951 18
9952 58
9953 2
9954 18
9955 48
9956 50
9957 85
9958 25
9959 47
9960 30
9961 13
9962 1
9963 75
9964 35
9965 87
9966 52
9967 90
9968 27
9969 25
9970 57
9971 90
9972 25
9973 64
9974 92
9975 46
9976 63
9977 25
9978 55
9979 37
9980 88
9981 40
9982 46
9983 69
9984 92
9985 11
9986 81
9987 93
9988 91
9989 52
9990 93
9991 2
9992 68
9993 88
9994 14
9995 41
9996 87
9997 51
9998 22
9999 32
